3650826	10
3650827	10
3650828	10
3650829	10
3650830	10
3650831	10
3650832	10
3650833	10
3650834	10
3650835	10
3650836	10
3650837	10
3650838	10
3650839	10
3650840	10
3650841	10
3650842	10
3650843	10
3650844	10
3650845	10
3650846	10
3650847	10
3650848	10
3650849	10
3650850	10
3650851	10
3650852	10
3650853	10
3650854	10
3650855	10
3650856	10
3650857	10
3650858	10
3650859	10
3650860	10
3650861	10
3650862	10
3650863	10
3650864	10
3650865	10
3650866	10
3650867	10
3650868	10
3650869	10
3650870	10
3650871	10
3650872	10
3650873	10
3650874	10
3650875	10
3650876	10
3650877	10
3650878	10
3650879	10
3650880	10
3650881	10
3650882	10
3650883	10
3650884	10
3650885	10
3475754	10
3475755	10
3475756	10
3475757	10
3475758	10
3475759	10
3475760	10
3475761	10
3475762	10
3475763	10
3475764	10
3475765	10
3475766	10
3475767	10
3475768	10
3475769	10
3475770	10
3475771	10
3475772	10
3475773	10
3475774	10
3475775	10
3475776	10
3475777	10
3475778	10
3475779	10
3475780	10
3475781	10
3475782	10
3475783	10
3475784	10
3475785	10
3475786	10
3475787	10
3475788	10
3475789	10
3475790	10
3475791	10
3475792	10
3475793	10
3475794	10
3475795	10
3475796	10
3475797	10
3475798	10
3475799	10
3475800	10
3475801	10
3475802	10
3475803	10
3475804	10
3475805	10
3475806	10
3475807	10
3475808	10
3475809	10
3475810	10
3475811	10
3475812	10
3475813	10
3650886	10
3650887	10
3173844	10
3173845	10
3173846	10
3173847	10
3173848	10
3173849	10
3173850	10
3173851	10
3173852	10
3173853	10
3173854	10
3173855	10
3173856	10
3173857	10
3173858	10
3173859	10
3173860	10
3173861	10
3173862	10
3173863	10
3173864	10
3173865	10
3173866	10
3173867	10
3173868	10
3173869	10
3173870	10
3173871	10
3173872	10
3173873	10
3173874	10
3173875	10
3173876	10
3173877	10
3173878	10
3173879	10
3173880	10
3173881	10
3173882	10
3173883	10
3173884	10
3173885	10
3173886	10
3173887	10
3173888	10
3173889	10
3173890	10
3514730	10
3514731	10
3514732	10
3514733	10
3514734	10
3514735	10
3514736	10
3514737	10
3514738	10
3514739	10
3514740	10
3514741	10
3514742	10
3514743	10
3514744	10
3514745	10
3514746	10
3514747	10
3514748	10
3514749	10
3514750	10
3514751	10
3514752	10
3514753	10
3514754	10
3514755	10
3514756	10
3514757	10
3514758	10
3514759	10
3514760	10
3514761	10
3514762	10
3514763	10
3514764	10
3514765	10
3514766	10
3514767	10
3514768	10
3514769	10
3514770	10
3514771	10
3514772	10
3514773	10
3514774	10
3514775	10
3514776	10
3515021	10
3515022	10
3515023	10
3515024	10
3515025	10
3515026	10
3515027	10
3515028	10
3515029	10
3515030	10
3515031	10
3515032	10
3515033	10
3515034	10
3515035	10
3515036	10
3515037	10
3515038	10
3515039	10
3515040	10
3515041	10
3515042	10
3515043	10
3515044	10
3515045	10
3515046	10
3515047	10
3515048	10
3515049	10
3515050	10
3515051	10
3515052	10
3515053	10
3515054	10
3515055	10
3515056	10
3515057	10
3515058	10
3515059	10
3515060	10
3515061	10
3515062	10
3515063	10
3515064	10
3515065	10
3515066	10
3515067	10
3173891	10
3173892	10
3173893	10
3514777	10
3514778	10
3514779	10
3515068	10
3515069	10
3515070	10
1947233	10
1947234	10
1947235	10
1947236	10
1947237	10
1947238	10
1947239	10
1947240	10
1947241	10
1947242	10
1947243	10
1947244	10
1947245	10
1947246	10
1947247	10
1947248	10
1947249	10
1947250	10
1947251	10
1947252	10
1947253	10
1947254	10
1947255	10
1947256	10
1947257	10
1947258	10
1947259	10
1947260	10
1947261	10
1947262	10
1947263	10
1947264	10
1947265	10
1947266	10
1947267	10
1947268	10
1947269	10
1947270	10
1947271	10
1947272	10
1947273	10
1947274	10
1947275	10
1947276	10
1947277	10
1947278	10
1947279	10
1947280	10
1947281	10
1947282	10
1947283	10
1947284	10
1947285	10
1947286	10
1947287	10
1947288	10
1947289	10
1947232	10
1947231	10
1947229	10
1947230	10
1947228	10
1947227	10
1947226	10
1947221	10
1947222	10
1947223	10
1947224	10
1947225	10
1947220	10
1947290	10
1947291	10
1947292	10
1947293	10
1947294	10
1947295	10
1947296	10
1947297	10
1947298	10
1947299	10
1947300	10
1947301	10
1947302	10
1947303	10
1947304	10
1947305	10
1947306	10
1947307	10
1947308	10
1947309	10
1947310	10
1947311	10
1947312	10
1947313	10
1947314	10
1947315	10
1947316	10
1947317	10
1947318	10
1947319	10
1947320	10
1947321	10
1947322	10
1947323	10
1947324	10
1947325	10
1947326	10
1947327	10
1947328	10
1947329	10
1947330	10
1947331	10
1947332	10
1947333	10
1947334	10
1947335	10
1947336	10
1947337	10
1947338	10
1947339	10
1947340	10
1947341	10
1947342	10
1947343	10
1947344	10
1947345	10
1947346	10
1947347	10
1947348	10
1947349	10
1947350	10
1947351	10
1947352	10
1947353	10
1947354	10
1947355	10
1947356	10
1947357	10
1947358	10
1947359	10
1947360	10
1947361	10
1947362	10
1947363	10
1947364	10
1947365	10
1947366	10
1947367	10
1947368	10
1947369	10
1947370	10
1947371	10
1947372	10
1947373	10
1947374	10
1947375	10
1947376	10
1947377	10
1947378	10
1947379	10
1947380	10
1947381	10
1947382	10
1947383	10
1947384	10
1947385	10
1947386	10
1947387	10
1947388	10
1947389	10
1947390	10
1947391	10
1947392	10
1947393	10
1947394	10
1947395	10
1947396	10
1947397	10
1947398	10
1947399	10
1947400	10
1947401	10
1947402	10
1947403	10
1947404	10
1947405	10
1947406	10
1947407	10
1947408	10
1947409	10
1947410	10
1947411	10
1947412	10
1947413	10
1947414	10
1947415	10
1947416	10
1947417	10
1947418	10
1947419	10
1947420	10
1947421	10
1947422	10
1947423	10
1947424	10
1947425	10
1947426	10
1947427	10
1947428	10
1947429	10
1947430	10
1947431	10
1947432	10
1947433	10
1947434	10
1947435	10
1947436	10
1947437	10
1947438	10
1947439	10
1947440	10
1947441	10
1947442	10
1947443	10
1947444	10
1947445	10
1947446	10
1947447	10
1947448	10
1947449	10
1947450	10
1947451	10
1947452	10
1947453	10
1947454	10
1947455	10
1947456	10
1947457	10
1947458	10
1947459	10
1947460	10
1947461	10
1947462	10
1947463	10
1947464	10
1947465	10
1947466	10
1947467	10
1947468	10
1947469	10
1947470	10
1947471	10
1947472	10
1947473	10
1947474	10
1947475	10
1947476	10
1947477	10
1947478	10
1947479	10
1947480	10
1947481	10
1947482	10
1947483	10
1947484	10
1947219	10
1947218	10
1947217	10
1947216	10
1947215	10
1947214	10
1947213	10
1947212	10
1947211	10
1947210	10
1947209	10
1947208	10
1947207	10
1947206	10
1007729	10
1007730	10
1007731	10
1007732	10
1007733	10
1007734	10
1007735	10
1007736	10
1007737	10
1007738	10
1007739	10
1007740	10
1007741	10
1007742	10
1007743	10
1007744	10
1007745	10
1007746	10
1007747	10
1007748	10
1007749	10
1007750	10
1007751	10
1007752	10
1007753	10
1007754	10
1007755	10
1007756	10
1007757	10
1007758	10
1007759	10
1007760	10
1007761	10
1007762	10
1007763	10
1007764	10
1007765	10
1007766	10
1007767	10
1007768	10
1007769	10
1007770	10
1007771	10
1007772	10
1007773	10
1007774	10
1007775	10
1007776	10
1007777	10
1007778	10
1007779	10
1007780	10
1007781	10
1007782	10
1007783	10
1007784	10
1007785	10
1007786	10
1007787	10
1007788	10
1007789	10
1007790	10
1007791	10
1007792	10
1007793	10
1007794	10
1007795	10
1007796	10
1007797	10
1007798	10
1007799	10
1007800	10
1007801	10
1007802	10
1007803	10
5332091	10
5332092	10
5332093	10
5332094	10
5332095	10
5332096	10
5332097	10
5332098	10
5332099	10
5332100	10
5332101	10
5332102	10
5332103	10
5332104	10
5332105	10
5332106	10
5332107	10
5332108	10
5332109	10
5332110	10
5332111	10
5332112	10
5332113	10
5332114	10
5332115	10
5332116	10
5332117	10
5332118	10
5332119	10
5332120	10
5332121	10
5332122	10
5332123	10
5332124	10
5332125	10
5332126	10
5332127	10
5332128	10
5332129	10
5332130	10
5332131	10
5332132	10
5332133	10
5332134	10
5332135	10
5332136	10
5332137	10
5332138	10
5332139	10
5332140	10
5332141	10
5332142	10
5332143	10
5332144	10
5332145	10
5332146	10
5332147	10
5332148	10
5332149	10
5332150	10
5332151	10
5332152	10
5332153	10
5332154	10
5332155	10
5332156	10
5332157	10
5332158	10
5332159	10
5332160	10
5332161	10
5332162	10
5332163	10
5332164	10
5332165	10
3475466	10
3475467	10
3475468	10
3475469	10
3475470	10
3475471	10
3475472	10
3475473	10
3475474	10
3475475	10
3475476	10
3475477	10
3475478	10
3475479	10
3475480	10
3475481	10
3475482	10
3475483	10
3475484	10
3475485	10
3475486	10
3475487	10
3475488	10
3475489	10
3475490	10
3475491	10
3475492	10
3475493	10
3475494	10
3475495	10
3475496	10
3475497	10
3475498	10
3475499	10
3475500	10
3475501	10
3475502	10
3475503	10
3475504	10
3475505	10
3475506	10
3475507	10
3475508	10
3475509	10
3475510	10
3475511	10
3475512	10
3475513	10
3475514	10
3475515	10
3475516	10
3475517	10
3475518	10
3475519	10
3475520	10
3475521	10
3475522	10
3475523	10
3475524	10
3475525	10
3475526	10
3475527	10
3475528	10
3475529	10
3475657	10
3475658	10
3475659	10
3475660	10
3475661	10
3475662	10
3475663	10
3475664	10
3475665	10
3475666	10
3475667	10
3475668	10
3475669	10
3475670	10
3475671	10
3475672	10
3475673	10
3475674	10
3475675	10
3475676	10
3475677	10
3475678	10
3475679	10
3475680	10
3475681	10
3475682	10
3475683	10
3475684	10
3475685	10
3475686	10
3475687	10
3475688	10
3475689	10
3475690	10
3475691	10
3475692	10
3475693	10
3475694	10
3475695	10
3475696	10
3475697	10
3475698	10
3475699	10
3475700	10
3475701	10
3475702	10
3475703	10
3475704	10
3475705	10
3475706	10
3475707	10
3475708	10
3475709	10
3475710	10
3475711	10
3475712	10
3475713	10
3475714	10
3475715	10
3475716	10
3475717	10
3475718	10
3475719	10
3475720	10
3650731	10
3650732	10
3650733	10
3650734	10
3650735	10
3650736	10
3650737	10
3650738	10
3650739	10
3650740	10
3650741	10
3650742	10
3650743	10
3650744	10
3650745	10
3650746	10
3650747	10
3650748	10
3650749	10
3650750	10
3650751	10
3650752	10
3650753	10
3650754	10
3650755	10
3650756	10
3650757	10
3650758	10
3650759	10
3650760	10
3650761	10
3650762	10
3650763	10
3650764	10
3650765	10
3650766	10
3650767	10
3650768	10
3650769	10
3650770	10
3650771	10
3650772	10
3650773	10
3650774	10
3650775	10
3650776	10
3650777	10
3650778	10
3650779	10
3650780	10
3650781	10
3650782	10
3650783	10
3650784	10
3650785	10
3650786	10
3650787	10
3650788	10
3650789	10
3650790	10
3650791	10
3650792	10
3650793	10
3650794	10
1959002	10
1959003	10
1959004	10
1959005	10
1959006	10
1959007	10
1959008	10
1959009	10
1959010	10
1959011	10
1959012	10
1959013	10
1959014	10
1959015	10
1959016	10
1959017	10
1959018	10
1959019	10
1959020	10
1959021	10
1959022	10
1959023	10
1959024	10
1959025	10
1959026	10
1959027	10
1959028	10
1959029	10
1959030	10
1959031	10
1959032	10
1959033	10
1959034	10
1959035	10
1959036	10
1959037	10
1959038	10
1959039	10
1959040	10
1959041	10
1959042	10
1959043	10
1959044	10
1959045	10
1959046	10
1959047	10
1959048	10
1959049	10
1959050	10
1959051	10
1959052	10
1959053	10
1959054	10
1959055	10
1959056	10
1959057	10
1959058	10
1959059	10
1959060	10
1959061	10
1959062	10
1959063	10
1959064	10
1959065	10
3475530	10
3475721	10
3650795	10
1959001	10
1959066	10
1959067	10
1959068	10
1959069	10
1959070	10
1959071	10
1959072	10
1959073	10
1959074	10
1959075	10
1959076	10
1959077	10
1959078	10
1959079	10
1959080	10
1959081	10
1959082	10
1959083	10
1959084	10
1959085	10
1959086	10
1959087	10
1959088	10
1959089	10
1959090	10
1959091	10
1959092	10
1959093	10
1959094	10
1959095	10
1959096	10
1959097	10
1959098	10
1959099	10
1959100	10
1959101	10
1959102	10
1959103	10
1959104	10
1959105	10
1959106	10
1959107	10
1959108	10
1959109	10
1959110	10
1959111	10
1959112	10
1959113	10
1959114	10
1959115	10
1959116	10
1959117	10
1959118	10
1959119	10
1959120	10
1959121	10
1959122	10
1959123	10
1959124	10
1959125	10
1959126	10
1959127	10
1959128	10
1959129	10
1959130	10
1959131	10
1959132	10
1959133	10
1959134	10
1959135	10
1959136	10
1959137	10
1959138	10
1959139	10
1959140	10
1959141	10
1959142	10
1959143	10
1959144	10
1959145	10
1959146	10
1959147	10
1959148	10
1959149	10
1959150	10
1959151	10
1959152	10
1959153	10
1959154	10
1959155	10
1959156	10
1959157	10
1959158	10
1959159	10
1959160	10
1959161	10
1959162	10
1959163	10
1959164	10
1959165	10
1959166	10
1959167	10
1959168	10
1959169	10
1959170	10
1959171	10
1959172	10
1959173	10
1959174	10
1959175	10
1959176	10
1959177	10
1959178	10
1959179	10
1959180	10
1959181	10
1959182	10
1959183	10
1959184	10
1959185	10
1959186	10
1959187	10
1959188	10
1959189	10
1959190	10
1959191	10
1959192	10
1959193	10
1959194	10
1959195	10
1959196	10
1959197	10
1959198	10
1959199	10
1959200	10
1959201	10
1959202	10
1959203	10
1959204	10
1959205	10
1959206	10
1959207	10
1959208	10
1959209	10
1959210	10
1959211	10
1959212	10
1959213	10
1959214	10
1959215	10
1959216	10
1959217	10
1959218	10
1959219	10
1959220	10
1959221	10
1959222	10
1959223	10
1959224	10
1959225	10
1959226	10
1959227	10
1959228	10
1959229	10
1959230	10
1959231	10
1959232	10
1959233	10
1959234	10
1959235	10
1959236	10
1959237	10
1959238	10
1959239	10
1959240	10
1959241	10
1959242	10
1959243	10
1959244	10
1959245	10
1959246	10
1959247	10
1959248	10
1959249	10
1959250	10
1959000	10
1958999	10
1958998	10
1958997	10
5332090	10
1007804	10
4791955	10
4791956	10
4791957	10
4791958	10
4791959	10
4791960	10
4791961	10
4791962	10
4791963	10
4791964	10
4791965	10
4791966	10
4791967	10
4791968	10
4791969	10
4791970	10
4791971	10
4791972	10
4791973	10
4791974	10
4791975	10
4791976	10
4791977	10
4791978	10
4791979	10
4791980	10
4791981	10
4791982	10
4791983	10
4791984	10
4791985	10
4791986	10
4791987	10
4791988	10
4791989	10
4791990	10
4791991	10
4791992	10
4791993	10
4791994	10
4791995	10
4791996	10
4791997	10
4791998	10
4791999	10
4792000	10
4792001	10
4792002	10
4792003	10
4792004	10
4792005	10
4792006	10
4792007	10
4792008	10
4792009	10
4792010	10
4792011	10
4792012	10
4792013	10
4792014	10
4792015	10
4792016	10
4792017	10
4792018	10
4792019	10
4792020	10
4792021	10
4792022	10
4792023	10
4792024	10
4792025	10
4792026	10
4792027	10
4792028	10
4792029	10
5267483	10
5267484	10
5267485	10
5267486	10
5267487	10
5267488	10
5267489	10
5267490	10
5267491	10
5267492	10
5267493	10
5267494	10
5267495	10
5267496	10
5267497	10
5267498	10
5267499	10
5267500	10
5267501	10
5267502	10
5267503	10
5267504	10
5267505	10
5267506	10
5267507	10
5267508	10
5267509	10
5267510	10
5267511	10
5267512	10
5267513	10
5267514	10
5267515	10
5267516	10
5267517	10
5267518	10
5267519	10
5267520	10
5267521	10
5267522	10
5267523	10
5267524	10
5267525	10
5267526	10
5267527	10
5267528	10
5267529	10
5267530	10
5267531	10
5267532	10
5267533	10
5267534	10
5267535	10
5267536	10
5267537	10
5267538	10
5267539	10
5267540	10
5267541	10
5267542	10
5267543	10
5267544	10
5267545	10
5267546	10
5267547	10
5267548	10
5267549	10
5267550	10
5267551	10
5267552	10
5267553	10
5267554	10
5267555	10
5267556	10
5267557	10
6042967	10
6042968	10
6042969	10
6042970	10
6042971	10
6042972	10
6042973	10
6042974	10
6042975	10
6042976	10
6042977	10
6042978	10
6042979	10
6042980	10
6042981	10
6042982	10
6042983	10
6042984	10
6042985	10
6042986	10
6042987	10
6042988	10
6042989	10
6042990	10
6042991	10
6042992	10
6042993	10
6042994	10
6042995	10
6042996	10
6042997	10
6042998	10
6042999	10
6043000	10
6043001	10
6043002	10
6043003	10
6043004	10
6043005	10
6043006	10
6043007	10
6043008	10
6043009	10
6043010	10
6043011	10
6043012	10
6043013	10
6043014	10
6043015	10
6043016	10
6043017	10
6043018	10
6043019	10
6043020	10
6043021	10
6043022	10
6043023	10
6043024	10
6043025	10
6043026	10
6043027	10
6043028	10
6043029	10
6043030	10
6043031	10
6043032	10
6043033	10
6043034	10
6043035	10
6043036	10
6043037	10
6043038	10
6043039	10
6043040	10
6043041	10
723724	10
723725	10
723726	10
723727	10
723728	10
723729	10
723730	10
723731	10
723732	10
723733	10
723734	10
723735	10
723736	10
723737	10
723738	10
723739	10
723740	10
723741	10
723742	10
723743	10
723744	10
723745	10
723746	10
723747	10
723748	10
723749	10
723750	10
723751	10
723752	10
723753	10
723754	10
723755	10
723756	10
723757	10
723758	10
723759	10
723760	10
723761	10
723762	10
723763	10
723764	10
723765	10
723766	10
723767	10
723768	10
723769	10
723770	10
723771	10
723772	10
723773	10
723774	10
723775	10
723776	10
723777	10
723778	10
723779	10
723780	10
723781	10
723782	10
723783	10
723784	10
723785	10
723786	10
723787	10
723788	10
723789	10
723790	10
723791	10
723792	10
723793	10
723794	10
723795	10
723796	10
723797	10
723798	10
723723	10
723713	10
723714	10
723715	10
723716	10
723717	10
723718	10
723719	10
723720	10
723721	10
723722	10
4792030	10
4792031	10
5267558	10
5267559	10
6043042	10
6043043	10
723712	10
723799	10
723800	10
723801	10
723802	10
723803	10
723804	10
723805	10
723806	10
723807	10
723808	10
723809	10
723810	10
723811	10
723812	10
723813	10
723814	10
723815	10
723816	10
723817	10
723818	10
723819	10
723820	10
723821	10
723822	10
723823	10
723824	10
723825	10
723826	10
723827	10
723828	10
723829	10
723830	10
723831	10
723832	10
723833	10
723834	10
723835	10
723836	10
723837	10
723838	10
723839	10
723840	10
723841	10
723842	10
723843	10
723844	10
723845	10
723846	10
723847	10
723848	10
723849	10
723850	10
723851	10
723852	10
723853	10
723854	10
723855	10
723856	10
723857	10
723858	10
723859	10
723860	10
723861	10
723862	10
723863	10
723864	10
723865	10
723866	10
723867	10
723868	10
723869	10
723870	10
723871	10
723872	10
723873	10
723874	10
723875	10
723876	10
723877	10
723878	10
723879	10
723880	10
723881	10
723882	10
723883	10
723884	10
723885	10
723886	10
723887	10
723888	10
723889	10
723890	10
723891	10
723892	10
723893	10
723894	10
723895	10
723896	10
723897	10
723898	10
723899	10
723900	10
723901	10
723902	10
723903	10
723904	10
723905	10
723906	10
723907	10
723908	10
723909	10
723910	10
723911	10
723912	10
723913	10
723914	10
723915	10
723916	10
723917	10
723918	10
723919	10
723920	10
723921	10
723922	10
723923	10
723924	10
723925	10
723926	10
723927	10
723928	10
723929	10
723930	10
723931	10
723932	10
723933	10
723934	10
723935	10
723936	10
723937	10
723938	10
723939	10
723940	10
723941	10
723942	10
723943	10
723944	10
723945	10
723946	10
723947	10
723948	10
723949	10
723950	10
723951	10
723952	10
723953	10
723954	10
723955	10
723956	10
723957	10
723958	10
723959	10
723960	10
723961	10
723962	10
723963	10
723964	10
723965	10
723966	10
723967	10
723968	10
723969	10
723970	10
723971	10
723711	10
723710	10
723709	10
723708	10
723707	10
723702	10
723703	10
723704	10
723705	10
723706	10
723701	10
723700	10
723699	10
723698	10
723697	10
723696	10
723695	10
723694	10
723693	10
723692	10
723691	10
723690	10
723689	10
723688	10
723687	10
723686	10
723685	10
723684	10
3475752	10
3475753	10
4790592	10
4790593	10
4790594	10
4790595	10
4790596	10
4790597	10
4790598	10
4790599	10
4790600	10
4790601	10
4790602	10
4790603	10
4790604	10
4790605	10
4790606	10
4790607	10
4790608	10
4790609	10
4790610	10
4790611	10
4790612	10
4790613	10
4790614	10
4790615	10
4790616	10
4790617	10
4790618	10
4790619	10
4790620	10
4790621	10
4790622	10
4790623	10
4790624	10
4790625	10
4790626	10
4790627	10
4790628	10
4790629	10
4790630	10
4790631	10
4790632	10
4790633	10
4790634	10
4790635	10
4790636	10
4790637	10
4790638	10
4790639	10
4790640	10
4790641	10
4790642	10
4790643	10
4790644	10
4790645	10
4790646	10
4790647	10
4790648	10
4790649	10
4790650	10
4790651	10
4790652	10
4790653	10
4790654	10
4790655	10
4790656	10
4790657	10
4790658	10
4790659	10
4790660	10
4790661	10
4790662	10
4790663	10
4790664	10
4790665	10
4790666	10
4790667	10
4790668	10
4790669	10
4790670	10
4790671	10
4790672	10
4790673	10
4790674	10
4790675	10
4790676	10
4790677	10
4790678	10
4790679	10
4790680	10
4790681	10
4790682	10
4790683	10
4790684	10
4790685	10
4790686	10
4790687	10
4790688	10
4790689	10
4790690	10
5266120	10
5266121	10
5266122	10
5266123	10
5266124	10
5266125	10
5266126	10
5266127	10
5266128	10
5266129	10
5266130	10
5266131	10
5266132	10
5266133	10
5266134	10
5266135	10
5266136	10
5266137	10
5266138	10
5266139	10
5266140	10
5266141	10
5266142	10
5266143	10
5266144	10
5266145	10
5266146	10
5266147	10
5266148	10
5266149	10
5266150	10
5266151	10
5266152	10
5266153	10
5266154	10
5266155	10
5266156	10
5266157	10
5266158	10
5266159	10
5266160	10
5266161	10
5266162	10
5266163	10
5266164	10
5266165	10
5266166	10
5266167	10
5266168	10
5266169	10
5266170	10
5266171	10
5266172	10
5266173	10
5266174	10
5266175	10
5266176	10
5266177	10
5266178	10
5266179	10
5266180	10
5266181	10
5266182	10
5266183	10
5266184	10
5266185	10
5266186	10
5266187	10
5266188	10
5266189	10
5266190	10
5266191	10
5266192	10
5266193	10
5266194	10
5266195	10
5266196	10
5266197	10
5266198	10
5266199	10
5266200	10
5266201	10
5266202	10
5266203	10
5266204	10
5266205	10
5266206	10
5266207	10
5266208	10
5266209	10
5266210	10
5266211	10
5266212	10
5266213	10
5266214	10
5266215	10
5266216	10
5266217	10
5266218	10
6041604	10
6041605	10
6041606	10
6041607	10
6041608	10
6041609	10
6041610	10
6041611	10
6041612	10
6041613	10
6041614	10
6041615	10
6041616	10
6041617	10
6041618	10
6041619	10
6041620	10
6041621	10
6041622	10
6041623	10
6041624	10
6041625	10
6041626	10
6041627	10
6041628	10
6041629	10
6041630	10
6041631	10
6041632	10
6041633	10
6041634	10
6041635	10
6041636	10
6041637	10
6041638	10
6041639	10
6041640	10
6041641	10
6041642	10
6041643	10
6041644	10
6041645	10
6041646	10
6041647	10
6041648	10
6041649	10
6041650	10
6041651	10
6041652	10
6041653	10
6041654	10
6041655	10
6041656	10
6041657	10
6041658	10
6041659	10
6041660	10
6041661	10
6041662	10
6041663	10
6041664	10
6041665	10
6041666	10
6041667	10
6041668	10
6041669	10
6041670	10
6041671	10
6041672	10
6041673	10
6041674	10
6041675	10
6041676	10
6041677	10
6041678	10
6041679	10
6041680	10
6041681	10
6041682	10
6041683	10
6041684	10
6041685	10
6041686	10
6041687	10
6041688	10
6041689	10
6041690	10
6041691	10
6041692	10
6041693	10
6041694	10
6041695	10
6041696	10
6041697	10
6041698	10
6041699	10
6041700	10
6041701	10
6041702	10
725087	10
725088	10
725089	10
725090	10
725091	10
725092	10
725093	10
725094	10
725095	10
725096	10
725097	10
725098	10
725099	10
725100	10
725101	10
725102	10
725103	10
725104	10
725105	10
725106	10
725107	10
725108	10
725109	10
725110	10
725111	10
725112	10
725113	10
725114	10
725115	10
725116	10
725117	10
725118	10
725119	10
725120	10
725121	10
725122	10
725123	10
725124	10
725125	10
725126	10
725127	10
725128	10
725129	10
725130	10
725131	10
725132	10
725133	10
725134	10
725135	10
725136	10
725137	10
725138	10
725139	10
725140	10
725141	10
725142	10
725143	10
725144	10
725145	10
725146	10
725147	10
725148	10
725149	10
725150	10
725151	10
725152	10
725153	10
725154	10
725155	10
725156	10
725157	10
725158	10
725159	10
725160	10
725161	10
725162	10
725163	10
725164	10
725165	10
725166	10
725167	10
725168	10
725169	10
725170	10
725171	10
725172	10
725173	10
725174	10
725175	10
725176	10
725177	10
725178	10
725179	10
725180	10
725181	10
725182	10
725183	10
725184	10
725185	10
725084	10
725085	10
725086	10
725083	10
725082	10
4790691	10
4790692	10
4790693	10
4790694	10
4790695	10
4790696	10
4790697	10
4790698	10
4790699	10
4790700	10
4790701	10
4790702	10
4790703	10
4790704	10
4790705	10
4790706	10
4790707	10
4790708	10
4790709	10
4790710	10
4790711	10
4790712	10
4790713	10
4790714	10
4790715	10
4790716	10
4790717	10
4790718	10
4790719	10
4790720	10
4790721	10
4790722	10
4790723	10
4790724	10
4790725	10
4790726	10
4790727	10
4790728	10
4790729	10
4790730	10
4790731	10
4790732	10
4790733	10
4790734	10
4790735	10
4790736	10
4790737	10
4790738	10
4790739	10
4790740	10
4790741	10
4790742	10
4790743	10
4790744	10
4790745	10
4790746	10
4790747	10
4790748	10
4790749	10
4790750	10
4790751	10
4790752	10
4790753	10
4790754	10
4790755	10
4790756	10
4790757	10
4790758	10
4790759	10
4790760	10
4790761	10
4790762	10
4790763	10
5266219	10
5266220	10
5266221	10
5266222	10
5266223	10
5266224	10
5266225	10
5266226	10
5266227	10
5266228	10
5266229	10
5266230	10
5266231	10
5266232	10
5266233	10
5266234	10
5266235	10
5266236	10
5266237	10
5266238	10
5266239	10
5266240	10
5266241	10
5266242	10
5266243	10
5266244	10
5266245	10
5266246	10
5266247	10
5266248	10
5266249	10
5266250	10
5266251	10
5266252	10
5266253	10
5266254	10
5266255	10
5266256	10
5266257	10
5266258	10
5266259	10
5266260	10
5266261	10
5266262	10
5266263	10
5266264	10
5266265	10
5266266	10
5266267	10
5266268	10
5266269	10
5266270	10
5266271	10
5266272	10
5266273	10
5266274	10
5266275	10
5266276	10
5266277	10
5266278	10
5266279	10
5266280	10
5266281	10
5266282	10
5266283	10
5266284	10
5266285	10
5266286	10
5266287	10
5266288	10
5266289	10
5266290	10
5266291	10
6041703	10
6041704	10
6041705	10
6041706	10
6041707	10
6041708	10
6041709	10
6041710	10
6041711	10
6041712	10
6041713	10
6041714	10
6041715	10
6041716	10
6041717	10
6041718	10
6041719	10
6041720	10
6041721	10
6041722	10
6041723	10
6041724	10
6041725	10
6041726	10
6041727	10
6041728	10
6041729	10
6041730	10
6041731	10
6041732	10
6041733	10
6041734	10
6041735	10
6041736	10
6041737	10
6041738	10
6041739	10
6041740	10
6041741	10
6041742	10
6041743	10
6041744	10
6041745	10
6041746	10
6041747	10
6041748	10
6041749	10
6041750	10
6041751	10
6041752	10
6041753	10
6041754	10
6041755	10
6041756	10
6041757	10
6041758	10
6041759	10
6041760	10
6041761	10
6041762	10
6041763	10
6041764	10
6041765	10
6041766	10
6041767	10
6041768	10
6041769	10
6041770	10
6041771	10
6041772	10
6041773	10
6041774	10
6041775	10
725057	10
725058	10
725059	10
725060	10
725061	10
725062	10
725063	10
725064	10
725065	10
725066	10
725067	10
725068	10
725069	10
725070	10
725071	10
725072	10
725073	10
725074	10
725075	10
725076	10
725077	10
725078	10
725079	10
725080	10
725081	10
725186	10
725187	10
725188	10
725189	10
725190	10
725191	10
725192	10
725193	10
725194	10
725195	10
725196	10
725197	10
725198	10
4790764	10
5266292	10
6041776	10
725056	10
725199	10
725200	10
725201	10
725202	10
725203	10
725204	10
725205	10
725206	10
725207	10
725208	10
725209	10
725210	10
725211	10
725212	10
725213	10
725214	10
725215	10
725216	10
725217	10
725218	10
725219	10
725220	10
725221	10
725222	10
725223	10
725224	10
725225	10
725226	10
725227	10
725228	10
725229	10
725230	10
725231	10
725232	10
725233	10
725234	10
725235	10
725236	10
725237	10
725238	10
725239	10
725240	10
725241	10
725242	10
725243	10
725244	10
725245	10
725246	10
725247	10
725248	10
725249	10
725250	10
725251	10
725252	10
725253	10
725254	10
725255	10
725256	10
725257	10
725258	10
725259	10
725260	10
725261	10
725262	10
725263	10
725264	10
725265	10
725266	10
725267	10
725268	10
725269	10
725270	10
725271	10
725272	10
725273	10
725274	10
725275	10
725276	10
725277	10
725278	10
725279	10
725280	10
725281	10
725282	10
725283	10
725284	10
725285	10
725286	10
725287	10
725288	10
725289	10
725290	10
725291	10
725292	10
725293	10
725294	10
725295	10
725296	10
725297	10
725298	10
725299	10
725300	10
725301	10
725302	10
725303	10
725304	10
725305	10
725306	10
725307	10
725308	10
725309	10
725310	10
725055	10
725054	10
725053	10
725052	10
4791205	10
4791206	10
4791207	10
4791208	10
4791209	10
4791210	10
4791211	10
4791212	10
4791213	10
4791214	10
4791215	10
4791216	10
4791217	10
4791218	10
4791219	10
4791220	10
4791221	10
4791222	10
4791223	10
4791224	10
4791225	10
4791226	10
4791227	10
4791228	10
4791229	10
4791230	10
4791231	10
4791232	10
4791233	10
4791234	10
4791235	10
4791236	10
4791237	10
4791238	10
4791239	10
4791240	10
4791241	10
4791242	10
4791243	10
5266733	10
5266734	10
5266735	10
5266736	10
5266737	10
5266738	10
5266739	10
5266740	10
5266741	10
5266742	10
5266743	10
5266744	10
5266745	10
5266746	10
5266747	10
5266748	10
5266749	10
5266750	10
5266751	10
5266752	10
5266753	10
5266754	10
5266755	10
5266756	10
5266757	10
5266758	10
5266759	10
5266760	10
5266761	10
5266762	10
5266763	10
5266764	10
5266765	10
5266766	10
5266767	10
5266768	10
5266769	10
5266770	10
5266771	10
6042217	10
6042218	10
6042219	10
6042220	10
6042221	10
6042222	10
6042223	10
6042224	10
6042225	10
6042226	10
6042227	10
6042228	10
6042229	10
6042230	10
6042231	10
6042232	10
6042233	10
6042234	10
6042235	10
6042236	10
6042237	10
6042238	10
6042239	10
6042240	10
6042241	10
6042242	10
6042243	10
6042244	10
6042245	10
6042246	10
6042247	10
6042248	10
6042249	10
6042250	10
6042251	10
6042252	10
6042253	10
6042254	10
6042255	10
724474	10
724475	10
724476	10
724477	10
724478	10
724479	10
724480	10
724481	10
724482	10
724483	10
724484	10
724485	10
724486	10
724487	10
724488	10
724489	10
724490	10
724491	10
724492	10
724493	10
724494	10
724495	10
724496	10
724497	10
724498	10
724499	10
724500	10
724501	10
724502	10
724503	10
724504	10
724505	10
724506	10
724507	10
724508	10
724509	10
724510	10
724511	10
724512	10
724473	10
724472	10
724471	10
724470	10
724469	10
724467	10
724468	10
724466	10
724465	10
4791244	10
4791245	10
4791246	10
4791247	10
4791248	10
4791249	10
4791250	10
4791251	10
4791252	10
4791253	10
4791254	10
4791255	10
4791256	10
4791257	10
4791258	10
4791259	10
4791260	10
4791261	10
4791262	10
4791263	10
4791264	10
4791265	10
4791266	10
4791267	10
4791268	10
4791269	10
4791270	10
4791271	10
4791272	10
4791273	10
4791274	10
4791275	10
4791276	10
4791277	10
4791278	10
4791279	10
4791280	10
4791281	10
4791282	10
4791283	10
4791284	10
4791285	10
4791286	10
5266772	10
5266773	10
5266774	10
5266775	10
5266776	10
5266777	10
5266778	10
5266779	10
5266780	10
5266781	10
5266782	10
5266783	10
5266784	10
5266785	10
5266786	10
5266787	10
5266788	10
5266789	10
5266790	10
5266791	10
5266792	10
5266793	10
5266794	10
5266795	10
5266796	10
5266797	10
5266798	10
5266799	10
5266800	10
5266801	10
5266802	10
5266803	10
5266804	10
5266805	10
5266806	10
5266807	10
5266808	10
5266809	10
5266810	10
5266811	10
5266812	10
5266813	10
5266814	10
6042256	10
6042257	10
6042258	10
6042259	10
6042260	10
6042261	10
6042262	10
6042263	10
6042264	10
6042265	10
6042266	10
6042267	10
6042268	10
6042269	10
6042270	10
6042271	10
6042272	10
6042273	10
6042274	10
6042275	10
6042276	10
6042277	10
6042278	10
6042279	10
6042280	10
6042281	10
6042282	10
6042283	10
6042284	10
6042285	10
6042286	10
6042287	10
6042288	10
6042289	10
6042290	10
6042291	10
6042292	10
6042293	10
6042294	10
6042295	10
6042296	10
6042297	10
6042298	10
724513	10
724514	10
724515	10
724516	10
724517	10
724518	10
724519	10
724520	10
724521	10
724522	10
724523	10
724524	10
724525	10
724526	10
724527	10
724528	10
724529	10
724530	10
724531	10
724532	10
724533	10
724534	10
724535	10
4791287	10
4791288	10
4791289	10
4791290	10
4791291	10
4791292	10
4791293	10
4791294	10
4791295	10
4791296	10
4791297	10
4791298	10
4791299	10
4791300	10
4791301	10
5266815	10
5266816	10
5266817	10
5266818	10
5266819	10
5266820	10
5266821	10
5266822	10
5266823	10
5266824	10
5266825	10
5266826	10
5266827	10
5266828	10
5266829	10
6042299	10
6042300	10
6042301	10
6042302	10
6042303	10
6042304	10
6042305	10
6042306	10
6042307	10
6042308	10
6042309	10
6042310	10
6042311	10
6042312	10
6042313	10
724464	10
724536	10
724537	10
724538	10
724539	10
724540	10
724541	10
724542	10
724543	10
724544	10
724545	10
724546	10
724547	10
724548	10
724549	10
724550	10
724551	10
724552	10
724553	10
724554	10
724555	10
724556	10
724557	10
724558	10
724559	10
724560	10
724561	10
724562	10
724563	10
724564	10
724565	10
724566	10
724567	10
724568	10
724569	10
724570	10
724571	10
724572	10
724573	10
724574	10
724575	10
724576	10
724577	10
724578	10
724579	10
724580	10
724581	10
724582	10
724583	10
724584	10
724585	10
724586	10
724587	10
724588	10
724589	10
724590	10
724591	10
724592	10
724593	10
724594	10
724595	10
724596	10
724597	10
724598	10
724599	10
724600	10
724601	10
724602	10
724603	10
724604	10
724605	10
724606	10
724607	10
724608	10
724609	10
724610	10
724611	10
724612	10
724613	10
724614	10
724615	10
724616	10
724617	10
724618	10
724619	10
724620	10
724621	10
724622	10
724623	10
724624	10
724625	10
724626	10
724627	10
724628	10
724629	10
724630	10
724631	10
724632	10
724633	10
724634	10
724635	10
724636	10
724637	10
724638	10
724639	10
724640	10
724641	10
724642	10
724643	10
724644	10
724645	10
724646	10
724647	10
724648	10
724649	10
724650	10
724651	10
724652	10
724653	10
724654	10
724655	10
724656	10
724657	10
724658	10
724659	10
724660	10
724661	10
724662	10
724663	10
724664	10
724665	10
724666	10
724667	10
724668	10
724669	10
724670	10
724671	10
724672	10
724673	10
724674	10
724675	10
724676	10
724677	10
724678	10
724679	10
724680	10
724681	10
724682	10
724683	10
724684	10
724685	10
724686	10
724687	10
724688	10
724689	10
724690	10
724691	10
724692	10
724693	10
724694	10
724695	10
724696	10
724697	10
724698	10
724699	10
724700	10
724701	10
724702	10
724703	10
724704	10
724705	10
724706	10
724707	10
724463	10
724462	10
724461	10
724460	10
724459	10
724458	10
724457	10
724456	10
724455	10
724454	10
724453	10
724452	10
724451	10
724450	10
4791302	10
5266830	10
6042314	10
724449	10
4791303	10
5266831	10
6042315	10
724448	10
4791304	10
5266832	10
6042316	10
724447	10
4791305	10
5266833	10
6042317	10
724446	10
4791306	10
5266834	10
6042318	10
724445	10
4791307	10
5266835	10
6042319	10
724444	10
4791308	10
5266836	10
6042320	10
724443	10
4791309	10
5266837	10
6042321	10
724442	10
4791310	10
5266838	10
6042322	10
724441	10
4791311	10
5266839	10
6042323	10
724440	10
4791312	10
5266840	10
6042324	10
724439	10
4791313	10
4791314	10
4791315	10
5266841	10
5266842	10
5266843	10
6042325	10
6042326	10
6042327	10
724435	10
724436	10
724437	10
724438	10
724434	10
724433	10
724432	10
724431	10
724430	10
724429	10
724428	10
724427	10
724426	10
724425	10
724424	10
724423	10
724422	10
724421	10
724420	10
724419	10
724418	10
724417	10
724416	10
724415	10
724414	10
724413	10
725974	10
725975	10
725976	10
725977	10
725978	10
725979	10
725980	10
725981	10
725982	10
725983	10
725984	10
725985	10
725986	10
725987	10
725988	10
725989	10
725990	10
725991	10
725992	10
725993	10
725994	10
725995	10
725996	10
725997	10
725998	10
725999	10
726000	10
726001	10
726002	10
726003	10
726004	10
726005	10
726006	10
726007	10
726008	10
726009	10
726010	10
726011	10
726012	10
726013	10
726014	10
726015	10
726016	10
726017	10
726018	10
726019	10
726020	10
726021	10
726022	10
726023	10
726024	10
726025	10
726026	10
726027	10
726028	10
726029	10
726030	10
726031	10
726032	10
726033	10
726034	10
726035	10
726036	10
726037	10
726038	10
726039	10
726040	10
726041	10
726042	10
726043	10
726044	10
726045	10
726046	10
726047	10
726048	10
726049	10
726050	10
726051	10
726052	10
726053	10
726054	10
726055	10
726056	10
726057	10
726058	10
726059	10
726060	10
726061	10
726062	10
726063	10
726064	10
726065	10
726066	10
726067	10
726068	10
726069	10
726070	10
726071	10
4789705	10
4789706	10
4789707	10
4789708	10
4789709	10
4789710	10
4789711	10
4789712	10
4789713	10
4789714	10
4789715	10
4789716	10
4789717	10
4789718	10
4789719	10
4789720	10
4789721	10
4789722	10
4789723	10
4789724	10
4789725	10
4789726	10
4789727	10
4789728	10
4789729	10
4789730	10
4789731	10
4789732	10
4789733	10
4789734	10
4789735	10
4789736	10
4789737	10
4789738	10
4789739	10
4789740	10
4789741	10
4789742	10
4789743	10
4789744	10
4789745	10
4789746	10
4789747	10
4789748	10
4789749	10
4789750	10
4789751	10
4789752	10
4789753	10
4789754	10
4789755	10
4789756	10
4789757	10
4789758	10
4789759	10
4789760	10
4789761	10
4789762	10
4789763	10
4789764	10
4789765	10
4789766	10
4789767	10
4789768	10
4789769	10
4789770	10
4789771	10
4789772	10
4789773	10
4789774	10
4789775	10
4789776	10
4789777	10
4789778	10
4789779	10
4789780	10
4789781	10
4789782	10
4789783	10
4789784	10
4789785	10
4789786	10
4789787	10
4789788	10
4789789	10
4789790	10
4789791	10
4789792	10
4789793	10
4789794	10
4789795	10
4789796	10
4789797	10
4789798	10
4789799	10
4789800	10
4789801	10
4789802	10
5265233	10
5265234	10
5265235	10
5265236	10
5265237	10
5265238	10
5265239	10
5265240	10
5265241	10
5265242	10
5265243	10
5265244	10
5265245	10
5265246	10
5265247	10
5265248	10
5265249	10
5265250	10
5265251	10
5265252	10
5265253	10
5265254	10
5265255	10
5265256	10
5265257	10
5265258	10
5265259	10
5265260	10
5265261	10
5265262	10
5265263	10
5265264	10
5265265	10
5265266	10
5265267	10
5265268	10
5265269	10
5265270	10
5265271	10
5265272	10
5265273	10
5265274	10
5265275	10
5265276	10
5265277	10
5265278	10
5265279	10
5265280	10
5265281	10
5265282	10
5265283	10
5265284	10
5265285	10
5265286	10
5265287	10
5265288	10
5265289	10
5265290	10
5265291	10
5265292	10
5265293	10
5265294	10
5265295	10
5265296	10
5265297	10
5265298	10
5265299	10
5265300	10
5265301	10
5265302	10
5265303	10
5265304	10
5265305	10
5265306	10
5265307	10
5265308	10
5265309	10
5265310	10
5265311	10
5265312	10
5265313	10
5265314	10
5265315	10
5265316	10
5265317	10
5265318	10
5265319	10
5265320	10
5265321	10
5265322	10
5265323	10
5265324	10
5265325	10
5265326	10
5265327	10
5265328	10
5265329	10
5265330	10
6040717	10
6040718	10
6040719	10
6040720	10
6040721	10
6040722	10
6040723	10
6040724	10
6040725	10
6040726	10
6040727	10
6040728	10
6040729	10
6040730	10
6040731	10
6040732	10
6040733	10
6040734	10
6040735	10
6040736	10
6040737	10
6040738	10
6040739	10
6040740	10
6040741	10
6040742	10
6040743	10
6040744	10
6040745	10
6040746	10
6040747	10
6040748	10
6040749	10
6040750	10
6040751	10
6040752	10
6040753	10
6040754	10
6040755	10
6040756	10
6040757	10
6040758	10
6040759	10
6040760	10
6040761	10
6040762	10
6040763	10
6040764	10
6040765	10
6040766	10
6040767	10
6040768	10
6040769	10
6040770	10
6040771	10
6040772	10
6040773	10
6040774	10
6040775	10
6040776	10
6040777	10
6040778	10
6040779	10
6040780	10
6040781	10
6040782	10
6040783	10
6040784	10
6040785	10
6040786	10
6040787	10
6040788	10
6040789	10
6040790	10
6040791	10
6040792	10
6040793	10
6040794	10
6040795	10
6040796	10
6040797	10
6040798	10
6040799	10
6040800	10
6040801	10
6040802	10
6040803	10
6040804	10
6040805	10
6040806	10
6040807	10
6040808	10
6040809	10
6040810	10
6040811	10
6040812	10
6040813	10
6040814	10
4789704	10
5265232	10
6040716	10
4789703	10
5265231	10
6040715	10
726072	10
4789702	10
4789803	10
4789804	10
4789805	10
4789806	10
4789807	10
4789808	10
4789809	10
4789810	10
4789811	10
4789812	10
4789813	10
4789814	10
4789815	10
4789816	10
4789817	10
4789818	10
4789819	10
4789820	10
4789821	10
4789822	10
4789823	10
4789824	10
4789825	10
4789826	10
4789827	10
4789828	10
4789829	10
4789830	10
4789831	10
4789832	10
4789833	10
4789834	10
4789835	10
4789836	10
4789837	10
4789838	10
4789839	10
4789840	10
4789841	10
4789842	10
4789843	10
4789844	10
4789845	10
4789846	10
4789847	10
4789848	10
4789849	10
4789850	10
4789851	10
4789852	10
4789853	10
4789854	10
4789855	10
4789856	10
4789857	10
4789858	10
4789859	10
4789860	10
4789861	10
4789862	10
4789863	10
4789864	10
4789865	10
4789866	10
4789867	10
4789868	10
4789869	10
4789870	10
4789871	10
4789872	10
4789873	10
4789874	10
4789875	10
4789876	10
4789877	10
4789878	10
4789879	10
4789880	10
4789881	10
4789882	10
4789883	10
4789884	10
4789885	10
4789886	10
4789887	10
4789888	10
4789889	10
4789890	10
4789891	10
4789892	10
4789893	10
4789894	10
4789895	10
4789896	10
4789897	10
4789898	10
4789899	10
4789900	10
4789901	10
4789902	10
4789903	10
4789904	10
4789905	10
4789906	10
4789907	10
4789908	10
4789909	10
4789910	10
4789911	10
4789912	10
4789913	10
4789914	10
4789915	10
4789916	10
4789917	10
4789918	10
4789919	10
4789920	10
4789921	10
4789922	10
4789923	10
4789924	10
4789925	10
4789926	10
4789927	10
4789928	10
4789929	10
4789930	10
4789931	10
4789932	10
4789933	10
4789934	10
4789935	10
4789936	10
4789937	10
4789938	10
4789939	10
4789940	10
4789941	10
4789942	10
4789943	10
4789944	10
4789945	10
4789946	10
4789947	10
4789948	10
4789949	10
4789950	10
4789951	10
4789952	10
4789953	10
4789954	10
4789955	10
4789956	10
4789957	10
4789958	10
4789959	10
4789960	10
4789961	10
4789962	10
4789963	10
4789964	10
4789965	10
4789966	10
5265230	10
5265331	10
5265332	10
5265333	10
5265334	10
5265335	10
5265336	10
5265337	10
5265338	10
5265339	10
5265340	10
5265341	10
5265342	10
5265343	10
5265344	10
5265345	10
5265346	10
5265347	10
5265348	10
5265349	10
5265350	10
5265351	10
5265352	10
5265353	10
5265354	10
5265355	10
5265356	10
5265357	10
5265358	10
5265359	10
5265360	10
5265361	10
5265362	10
5265363	10
5265364	10
5265365	10
5265366	10
5265367	10
5265368	10
5265369	10
5265370	10
5265371	10
5265372	10
5265373	10
5265374	10
5265375	10
5265376	10
5265377	10
5265378	10
5265379	10
5265380	10
5265381	10
5265382	10
5265383	10
5265384	10
5265385	10
5265386	10
5265387	10
5265388	10
5265389	10
5265390	10
5265391	10
5265392	10
5265393	10
5265394	10
5265395	10
5265396	10
5265397	10
5265398	10
5265399	10
5265400	10
5265401	10
5265402	10
5265403	10
5265404	10
5265405	10
5265406	10
5265407	10
5265408	10
5265409	10
5265410	10
5265411	10
5265412	10
5265413	10
5265414	10
5265415	10
5265416	10
5265417	10
5265418	10
5265419	10
5265420	10
5265421	10
5265422	10
5265423	10
5265424	10
5265425	10
5265426	10
5265427	10
5265428	10
5265429	10
5265430	10
5265431	10
5265432	10
5265433	10
5265434	10
5265435	10
5265436	10
5265437	10
5265438	10
5265439	10
5265440	10
5265441	10
5265442	10
5265443	10
5265444	10
5265445	10
5265446	10
5265447	10
5265448	10
5265449	10
5265450	10
5265451	10
5265452	10
5265453	10
5265454	10
5265455	10
5265456	10
5265457	10
5265458	10
5265459	10
5265460	10
5265461	10
5265462	10
5265463	10
5265464	10
5265465	10
5265466	10
5265467	10
5265468	10
5265469	10
5265470	10
5265471	10
5265472	10
5265473	10
5265474	10
5265475	10
5265476	10
5265477	10
5265478	10
5265479	10
5265480	10
5265481	10
5265482	10
5265483	10
5265484	10
5265485	10
5265486	10
5265487	10
5265488	10
5265489	10
5265490	10
5265491	10
5265492	10
5265493	10
5265494	10
6040714	10
6040815	10
6040816	10
6040817	10
6040818	10
6040819	10
6040820	10
6040821	10
6040822	10
6040823	10
6040824	10
6040825	10
6040826	10
6040827	10
6040828	10
6040829	10
6040830	10
6040831	10
6040832	10
6040833	10
6040834	10
6040835	10
6040836	10
6040837	10
6040838	10
6040839	10
6040840	10
6040841	10
6040842	10
6040843	10
6040844	10
6040845	10
6040846	10
6040847	10
6040848	10
6040849	10
6040850	10
6040851	10
6040852	10
6040853	10
6040854	10
6040855	10
6040856	10
6040857	10
6040858	10
6040859	10
6040860	10
6040861	10
6040862	10
6040863	10
6040864	10
6040865	10
6040866	10
6040867	10
6040868	10
6040869	10
6040870	10
6040871	10
6040872	10
6040873	10
6040874	10
6040875	10
6040876	10
6040877	10
6040878	10
6040879	10
6040880	10
6040881	10
6040882	10
6040883	10
6040884	10
6040885	10
6040886	10
6040887	10
6040888	10
6040889	10
6040890	10
6040891	10
6040892	10
6040893	10
6040894	10
6040895	10
6040896	10
6040897	10
6040898	10
6040899	10
6040900	10
6040901	10
6040902	10
6040903	10
6040904	10
6040905	10
6040906	10
6040907	10
6040908	10
6040909	10
6040910	10
6040911	10
6040912	10
6040913	10
6040914	10
6040915	10
6040916	10
6040917	10
6040918	10
6040919	10
6040920	10
6040921	10
6040922	10
6040923	10
6040924	10
6040925	10
6040926	10
6040927	10
6040928	10
6040929	10
6040930	10
6040931	10
6040932	10
6040933	10
6040934	10
6040935	10
6040936	10
6040937	10
6040938	10
6040939	10
6040940	10
6040941	10
6040942	10
6040943	10
6040944	10
6040945	10
6040946	10
6040947	10
6040948	10
6040949	10
6040950	10
6040951	10
6040952	10
6040953	10
6040954	10
6040955	10
6040956	10
6040957	10
6040958	10
6040959	10
6040960	10
6040961	10
6040962	10
6040963	10
6040964	10
6040965	10
6040966	10
6040967	10
6040968	10
6040969	10
6040970	10
6040971	10
6040972	10
6040973	10
6040974	10
6040975	10
6040976	10
6040977	10
6040978	10
4789701	10
5265229	10
6040713	10
4789700	10
5265228	10
6040712	10
4789699	10
5265227	10
6040711	10
4789698	10
5265226	10
6040710	10
4789697	10
5265225	10
6040709	10
4789696	10
5265224	10
6040708	10
4789695	10
5265223	10
6040707	10
4789694	10
5265222	10
6040706	10
4789693	10
5265221	10
6040705	10
4789692	10
5265220	10
6040704	10
4789691	10
5265219	10
6040703	10
4789690	10
5265218	10
6040702	10
4789689	10
5265217	10
6040701	10
4789688	10
5265216	10
6040700	10
4789687	10
5265215	10
6040699	10
4789686	10
5265214	10
6040698	10
4789685	10
5265213	10
6040697	10
4789684	10
5265212	10
6040696	10
4789683	10
5265211	10
6040695	10
4789682	10
5265210	10
6040694	10
4789681	10
5265209	10
6040693	10
4789680	10
5265208	10
6040692	10
4789679	10
5265207	10
6040691	10
4789678	10
5265206	10
6040690	10
4789677	10
5265205	10
6040689	10
4789676	10
5265204	10
6040688	10
4789675	10
5265203	10
6040687	10
4789674	10
5265202	10
6040686	10
4789673	10
5265201	10
6040685	10
4789672	10
5265200	10
6040684	10
4789671	10
5265199	10
6040683	10
4789670	10
5265198	10
6040682	10
4789669	10
5265197	10
6040681	10
4789668	10
5265196	10
6040680	10
4789667	10
5265195	10
6040679	10
4789666	10
5265194	10
6040678	10
4789665	10
5265193	10
6040677	10
4789664	10
5265192	10
6040676	10
4789663	10
5265191	10
6040675	10
4789662	10
5265190	10
6040674	10
4789661	10
5265189	10
6040673	10
4789660	10
5265188	10
6040672	10
4789659	10
5265187	10
6040671	10
4789658	10
5265186	10
6040670	10
4789657	10
5265185	10
6040669	10
4789656	10
5265184	10
6040668	10
4789655	10
5265183	10
6040667	10
4789654	10
5265182	10
6040666	10
4789653	10
5265181	10
6040665	10
4789652	10
5265180	10
6040664	10
4789651	10
5265179	10
6040663	10
4789650	10
5265178	10
6040662	10
4789649	10
5265177	10
6040661	10
4789648	10
5265176	10
6040660	10
4789647	10
5265175	10
6040659	10
726313	10
726314	10
726315	10
726316	10
726317	10
726318	10
726319	10
726320	10
726321	10
726322	10
726323	10
726324	10
726325	10
726326	10
726327	10
726328	10
726329	10
726330	10
726331	10
726332	10
726333	10
726334	10
726335	10
726336	10
726337	10
726338	10
726339	10
726340	10
726341	10
726342	10
726343	10
726344	10
726345	10
726346	10
726347	10
726348	10
726349	10
726350	10
726351	10
726352	10
726353	10
726354	10
726355	10
726356	10
726357	10
726358	10
726359	10
726360	10
726361	10
726362	10
726363	10
726364	10
726365	10
726366	10
726367	10
726368	10
726369	10
4789366	10
4789367	10
4789368	10
4789369	10
4789370	10
4789371	10
4789372	10
4789373	10
4789374	10
4789375	10
4789376	10
4789377	10
4789378	10
4789379	10
4789380	10
4789381	10
4789382	10
4789383	10
4789384	10
4789385	10
4789386	10
4789387	10
4789388	10
4789389	10
4789390	10
4789391	10
4789392	10
4789393	10
4789394	10
4789395	10
4789396	10
4789397	10
4789398	10
4789399	10
4789400	10
4789401	10
4789402	10
4789403	10
4789404	10
4789405	10
4789406	10
4789407	10
4789408	10
4789409	10
4789410	10
4789411	10
4789412	10
4789413	10
4789414	10
4789415	10
4789416	10
4789417	10
4789418	10
4789419	10
4789420	10
4789421	10
4789422	10
5264894	10
5264895	10
5264896	10
5264897	10
5264898	10
5264899	10
5264900	10
5264901	10
5264902	10
5264903	10
5264904	10
5264905	10
5264906	10
5264907	10
5264908	10
5264909	10
5264910	10
5264911	10
5264912	10
5264913	10
5264914	10
5264915	10
5264916	10
5264917	10
5264918	10
5264919	10
5264920	10
5264921	10
5264922	10
5264923	10
5264924	10
5264925	10
5264926	10
5264927	10
5264928	10
5264929	10
5264930	10
5264931	10
5264932	10
5264933	10
5264934	10
5264935	10
5264936	10
5264937	10
5264938	10
5264939	10
5264940	10
5264941	10
5264942	10
5264943	10
5264944	10
5264945	10
5264946	10
5264947	10
5264948	10
5264949	10
5264950	10
6040378	10
6040379	10
6040380	10
6040381	10
6040382	10
6040383	10
6040384	10
6040385	10
6040386	10
6040387	10
6040388	10
6040389	10
6040390	10
6040391	10
6040392	10
6040393	10
6040394	10
6040395	10
6040396	10
6040397	10
6040398	10
6040399	10
6040400	10
6040401	10
6040402	10
6040403	10
6040404	10
6040405	10
6040406	10
6040407	10
6040408	10
6040409	10
6040410	10
6040411	10
6040412	10
6040413	10
6040414	10
6040415	10
6040416	10
6040417	10
6040418	10
6040419	10
6040420	10
6040421	10
6040422	10
6040423	10
6040424	10
6040425	10
6040426	10
6040427	10
6040428	10
6040429	10
6040430	10
6040431	10
6040432	10
6040433	10
6040434	10
4789365	10
5264893	10
6040377	10
726370	10
726371	10
726372	10
726373	10
726374	10
726375	10
726376	10
726377	10
726378	10
726379	10
726380	10
726381	10
726382	10
726383	10
726384	10
726385	10
726386	10
726387	10
726388	10
726389	10
726390	10
726391	10
726392	10
726393	10
726394	10
726395	10
726396	10
726397	10
726398	10
726399	10
726400	10
726401	10
726402	10
726403	10
726404	10
726405	10
726406	10
726407	10
726408	10
726409	10
726410	10
726411	10
726412	10
726413	10
726414	10
726415	10
726416	10
726417	10
726418	10
726419	10
726420	10
726421	10
726422	10
726423	10
726424	10
726425	10
726426	10
726427	10
726428	10
726429	10
726430	10
726431	10
726432	10
726433	10
726434	10
726435	10
726436	10
726437	10
726438	10
726439	10
726440	10
726441	10
726442	10
726443	10
726444	10
726445	10
726446	10
726447	10
726448	10
726449	10
726450	10
726451	10
726452	10
726453	10
726454	10
726455	10
726456	10
726457	10
726458	10
726459	10
726460	10
726461	10
726462	10
726463	10
726464	10
726465	10
726466	10
726467	10
726468	10
726469	10
726470	10
726471	10
726472	10
4789356	10
4789357	10
4789358	10
4789359	10
4789360	10
4789361	10
4789362	10
4789363	10
4789364	10
4789423	10
4789424	10
4789425	10
4789426	10
4789427	10
4789428	10
4789429	10
4789430	10
4789431	10
4789432	10
4789433	10
4789434	10
4789435	10
4789436	10
4789437	10
4789438	10
4789439	10
4789440	10
4789441	10
4789442	10
4789443	10
4789444	10
4789445	10
4789446	10
4789447	10
4789448	10
4789449	10
4789450	10
4789451	10
4789452	10
4789453	10
4789454	10
4789455	10
4789456	10
4789457	10
4789458	10
4789459	10
4789460	10
4789461	10
4789462	10
4789463	10
4789464	10
4789465	10
4789466	10
4789467	10
4789468	10
4789469	10
4789470	10
4789471	10
4789472	10
4789473	10
4789474	10
4789475	10
4789476	10
4789477	10
4789478	10
4789479	10
4789480	10
4789481	10
4789482	10
4789483	10
4789484	10
4789485	10
4789486	10
4789487	10
4789488	10
4789489	10
4789490	10
4789491	10
4789492	10
4789493	10
4789494	10
4789495	10
4789496	10
4789497	10
4789498	10
4789499	10
4789500	10
4789501	10
4789502	10
4789503	10
4789504	10
4789505	10
5264884	10
5264885	10
5264886	10
5264887	10
5264888	10
5264889	10
5264890	10
5264891	10
5264892	10
5264951	10
5264952	10
5264953	10
5264954	10
5264955	10
5264956	10
5264957	10
5264958	10
5264959	10
5264960	10
5264961	10
5264962	10
5264963	10
5264964	10
5264965	10
5264966	10
5264967	10
5264968	10
5264969	10
5264970	10
5264971	10
5264972	10
5264973	10
5264974	10
5264975	10
5264976	10
5264977	10
5264978	10
5264979	10
5264980	10
5264981	10
5264982	10
5264983	10
5264984	10
5264985	10
5264986	10
5264987	10
5264988	10
5264989	10
5264990	10
5264991	10
5264992	10
5264993	10
5264994	10
5264995	10
5264996	10
5264997	10
5264998	10
5264999	10
5265000	10
5265001	10
5265002	10
5265003	10
5265004	10
5265005	10
5265006	10
5265007	10
5265008	10
5265009	10
5265010	10
5265011	10
5265012	10
5265013	10
5265014	10
5265015	10
5265016	10
5265017	10
5265018	10
5265019	10
5265020	10
5265021	10
5265022	10
5265023	10
5265024	10
5265025	10
5265026	10
5265027	10
5265028	10
5265029	10
5265030	10
5265031	10
5265032	10
5265033	10
6040368	10
6040369	10
6040370	10
6040371	10
6040372	10
6040373	10
6040374	10
6040375	10
6040376	10
6040435	10
6040436	10
6040437	10
6040438	10
6040439	10
6040440	10
6040441	10
6040442	10
6040443	10
6040444	10
6040445	10
6040446	10
6040447	10
6040448	10
6040449	10
6040450	10
6040451	10
6040452	10
6040453	10
6040454	10
6040455	10
6040456	10
6040457	10
6040458	10
6040459	10
6040460	10
6040461	10
6040462	10
6040463	10
6040464	10
6040465	10
6040466	10
6040467	10
6040468	10
6040469	10
6040470	10
6040471	10
6040472	10
6040473	10
6040474	10
6040475	10
6040476	10
6040477	10
6040478	10
6040479	10
6040480	10
6040481	10
6040482	10
6040483	10
6040484	10
6040485	10
6040486	10
6040487	10
6040488	10
6040489	10
6040490	10
6040491	10
6040492	10
6040493	10
6040494	10
6040495	10
6040496	10
6040497	10
6040498	10
6040499	10
6040500	10
6040501	10
6040502	10
6040503	10
6040504	10
6040505	10
6040506	10
6040507	10
6040508	10
6040509	10
6040510	10
6040511	10
6040512	10
6040513	10
6040514	10
6040515	10
6040516	10
6040517	10
4789355	10
5264883	10
6040367	10
4789354	10
4789506	10
4789507	10
4789508	10
4789509	10
4789510	10
4789511	10
4789512	10
4789513	10
4789514	10
4789515	10
4789516	10
4789517	10
4789518	10
4789519	10
4789520	10
4789521	10
4789522	10
4789523	10
4789524	10
4789525	10
4789526	10
4789527	10
4789528	10
4789529	10
4789530	10
4789531	10
4789532	10
4789533	10
4789534	10
4789535	10
4789536	10
4789537	10
4789538	10
4789539	10
4789540	10
4789541	10
4789542	10
4789543	10
4789544	10
4789545	10
4789546	10
4789547	10
4789548	10
4789549	10
4789550	10
4789551	10
4789552	10
4789553	10
4789554	10
4789555	10
4789556	10
4789557	10
4789558	10
4789559	10
4789560	10
4789561	10
4789562	10
4789563	10
4789564	10
4789565	10
4789566	10
4789567	10
4789568	10
4789569	10
4789570	10
4789571	10
4789572	10
4789573	10
4789574	10
4789575	10
4789576	10
4789577	10
4789578	10
4789579	10
4789580	10
4789581	10
4789582	10
4789583	10
4789584	10
4789585	10
4789586	10
4789587	10
4789588	10
4789589	10
4789590	10
4789591	10
4789592	10
4789593	10
4789594	10
4789595	10
4789596	10
4789597	10
4789598	10
4789599	10
4789600	10
4789601	10
4789602	10
4789603	10
4789604	10
4789605	10
4789606	10
4789607	10
4789608	10
5264882	10
5265034	10
5265035	10
5265036	10
5265037	10
5265038	10
5265039	10
5265040	10
5265041	10
5265042	10
5265043	10
5265044	10
5265045	10
5265046	10
5265047	10
5265048	10
5265049	10
5265050	10
5265051	10
5265052	10
5265053	10
5265054	10
5265055	10
5265056	10
5265057	10
5265058	10
5265059	10
5265060	10
5265061	10
5265062	10
5265063	10
5265064	10
5265065	10
5265066	10
5265067	10
5265068	10
5265069	10
5265070	10
5265071	10
5265072	10
5265073	10
5265074	10
5265075	10
5265076	10
5265077	10
5265078	10
5265079	10
5265080	10
5265081	10
5265082	10
5265083	10
5265084	10
5265085	10
5265086	10
5265087	10
5265088	10
5265089	10
5265090	10
5265091	10
5265092	10
5265093	10
5265094	10
5265095	10
5265096	10
5265097	10
5265098	10
5265099	10
5265100	10
5265101	10
5265102	10
5265103	10
5265104	10
5265105	10
5265106	10
5265107	10
5265108	10
5265109	10
5265110	10
5265111	10
5265112	10
5265113	10
5265114	10
5265115	10
5265116	10
5265117	10
5265118	10
5265119	10
5265120	10
5265121	10
5265122	10
5265123	10
5265124	10
5265125	10
5265126	10
5265127	10
5265128	10
5265129	10
5265130	10
5265131	10
5265132	10
5265133	10
5265134	10
5265135	10
5265136	10
6040366	10
6040518	10
6040519	10
6040520	10
6040521	10
6040522	10
6040523	10
6040524	10
6040525	10
6040526	10
6040527	10
6040528	10
6040529	10
6040530	10
6040531	10
6040532	10
6040533	10
6040534	10
6040535	10
6040536	10
6040537	10
6040538	10
6040539	10
6040540	10
6040541	10
6040542	10
6040543	10
6040544	10
6040545	10
6040546	10
6040547	10
6040548	10
6040549	10
6040550	10
6040551	10
6040552	10
6040553	10
6040554	10
6040555	10
6040556	10
6040557	10
6040558	10
6040559	10
6040560	10
6040561	10
6040562	10
6040563	10
6040564	10
6040565	10
6040566	10
6040567	10
6040568	10
6040569	10
6040570	10
6040571	10
6040572	10
6040573	10
6040574	10
6040575	10
6040576	10
6040577	10
6040578	10
6040579	10
6040580	10
6040581	10
6040582	10
6040583	10
6040584	10
6040585	10
6040586	10
6040587	10
6040588	10
6040589	10
6040590	10
6040591	10
6040592	10
6040593	10
6040594	10
6040595	10
6040596	10
6040597	10
6040598	10
6040599	10
6040600	10
6040601	10
6040602	10
6040603	10
6040604	10
6040605	10
6040606	10
6040607	10
6040608	10
6040609	10
6040610	10
6040611	10
6040612	10
6040613	10
6040614	10
6040615	10
6040616	10
6040617	10
6040618	10
6040619	10
6040620	10
726473	10
726474	10
726475	10
726476	10
726477	10
726478	10
726479	10
726480	10
726481	10
726482	10
726483	10
726484	10
726485	10
726486	10
726487	10
726488	10
726489	10
726490	10
726491	10
726492	10
726493	10
726494	10
726495	10
726496	10
726497	10
726498	10
726499	10
726500	10
726501	10
726502	10
726503	10
726504	10
726505	10
726506	10
726507	10
726508	10
726509	10
726510	10
726511	10
726512	10
726513	10
726514	10
726515	10
726516	10
726517	10
726518	10
726519	10
726520	10
726521	10
726522	10
726523	10
726524	10
726525	10
726526	10
726527	10
726528	10
726529	10
726530	10
726531	10
726532	10
726533	10
726534	10
726535	10
726536	10
726537	10
726538	10
726539	10
726540	10
726541	10
4789287	10
4789288	10
4789289	10
4789290	10
4789291	10
4789292	10
4789293	10
4789294	10
4789295	10
4789296	10
4789297	10
4789298	10
4789299	10
4789300	10
4789301	10
4789302	10
4789303	10
4789304	10
4789305	10
4789306	10
4789307	10
4789308	10
4789309	10
4789310	10
4789311	10
4789312	10
4789313	10
4789314	10
4789315	10
4789316	10
4789317	10
4789318	10
4789319	10
4789320	10
4789321	10
4789322	10
4789323	10
4789324	10
4789325	10
4789326	10
4789327	10
4789328	10
4789329	10
4789330	10
4789331	10
4789332	10
4789333	10
4789334	10
4789335	10
4789336	10
4789337	10
4789338	10
4789339	10
4789340	10
4789341	10
4789342	10
4789343	10
4789344	10
4789345	10
4789346	10
4789347	10
4789348	10
4789349	10
4789350	10
4789351	10
4789352	10
4789353	10
5264815	10
5264816	10
5264817	10
5264818	10
5264819	10
5264820	10
5264821	10
5264822	10
5264823	10
5264824	10
5264825	10
5264826	10
5264827	10
5264828	10
5264829	10
5264830	10
5264831	10
5264832	10
5264833	10
5264834	10
5264835	10
5264836	10
5264837	10
5264838	10
5264839	10
5264840	10
5264841	10
5264842	10
5264843	10
5264844	10
5264845	10
5264846	10
5264847	10
5264848	10
5264849	10
5264850	10
5264851	10
5264852	10
5264853	10
5264854	10
5264855	10
5264856	10
5264857	10
5264858	10
5264859	10
5264860	10
5264861	10
5264862	10
5264863	10
5264864	10
5264865	10
5264866	10
5264867	10
5264868	10
5264869	10
5264870	10
5264871	10
5264872	10
5264873	10
5264874	10
5264875	10
5264876	10
5264877	10
5264878	10
5264879	10
5264880	10
5264881	10
6040299	10
6040300	10
6040301	10
6040302	10
6040303	10
6040304	10
6040305	10
6040306	10
6040307	10
6040308	10
6040309	10
6040310	10
6040311	10
6040312	10
6040313	10
6040314	10
6040315	10
6040316	10
6040317	10
6040318	10
6040319	10
6040320	10
6040321	10
6040322	10
6040323	10
6040324	10
6040325	10
6040326	10
6040327	10
6040328	10
6040329	10
6040330	10
6040331	10
6040332	10
6040333	10
6040334	10
6040335	10
6040336	10
6040337	10
6040338	10
6040339	10
6040340	10
6040341	10
6040342	10
6040343	10
6040344	10
6040345	10
6040346	10
6040347	10
6040348	10
6040349	10
6040350	10
6040351	10
6040352	10
6040353	10
6040354	10
6040355	10
6040356	10
6040357	10
6040358	10
6040359	10
6040360	10
6040361	10
6040362	10
6040363	10
6040364	10
6040365	10
726542	10
4789286	10
5264814	10
6040298	10
726543	10
726544	10
726545	10
4789283	10
4789284	10
4789285	10
5264811	10
5264812	10
5264813	10
6040295	10
6040296	10
6040297	10
726546	10
4789282	10
5264810	10
6040294	10
726547	10
4789281	10
5264809	10
6040293	10
4789274	10
4789275	10
4789276	10
4789277	10
4789278	10
4789279	10
4789280	10
5264802	10
5264803	10
5264804	10
5264805	10
5264806	10
5264807	10
5264808	10
6040286	10
6040287	10
6040288	10
6040289	10
6040290	10
6040291	10
6040292	10
4789273	10
5264801	10
6040285	10
4789272	10
5264800	10
6040284	10
4789271	10
5264799	10
6040283	10
726548	10
726549	10
4789270	10
5264798	10
6040282	10
4789269	10
5264797	10
6040281	10
4789268	10
5264796	10
6040280	10
4789267	10
5264795	10
6040279	10
726550	10
726551	10
726552	10
726553	10
726554	10
726555	10
726556	10
726557	10
726558	10
726559	10
726560	10
726561	10
726562	10
4789266	10
5264794	10
6040278	10
4789265	10
5264793	10
6040277	10
4789264	10
5264792	10
6040276	10
4789263	10
5264791	10
6040275	10
4789262	10
5264790	10
6040274	10
4789261	10
5264789	10
6040273	10
4789260	10
5264788	10
6040272	10
726563	10
726564	10
726565	10
726566	10
726567	10
726568	10
726569	10
726570	10
726571	10
726572	10
726573	10
4789255	10
4789256	10
4789257	10
4789258	10
4789259	10
5264783	10
5264784	10
5264785	10
5264786	10
5264787	10
6040267	10
6040268	10
6040269	10
6040270	10
6040271	10
4789251	10
4789252	10
4789253	10
4789254	10
5264779	10
5264780	10
5264781	10
5264782	10
6040263	10
6040264	10
6040265	10
6040266	10
4789250	10
5264778	10
6040262	10
726574	10
4789249	10
5264777	10
6040261	10
4789248	10
5264776	10
6040260	10
4789247	10
5264775	10
6040259	10
4789246	10
5264774	10
6040258	10
4789245	10
5264773	10
6040257	10
4789244	10
5264772	10
6040256	10
4789243	10
5264771	10
6040255	10
4789242	10
5264770	10
6040254	10
726575	10
726576	10
726577	10
726578	10
726579	10
726580	10
726581	10
726582	10
726583	10
726584	10
726585	10
726586	10
726587	10
4789241	10
5264769	10
6040253	10
726588	10
4789240	10
5264768	10
6040252	10
726589	10
4789239	10
5264767	10
6040251	10
726590	10
726591	10
726592	10
726593	10
726594	10
726595	10
726596	10
4789232	10
4789233	10
4789234	10
4789235	10
4789236	10
4789237	10
4789238	10
5264760	10
5264761	10
5264762	10
5264763	10
5264764	10
5264765	10
5264766	10
6040244	10
6040245	10
6040246	10
6040247	10
6040248	10
6040249	10
6040250	10
726597	10
4789231	10
5264759	10
6040243	10
726598	10
4789230	10
5264758	10
6040242	10
726599	10
4789229	10
5264757	10
6040241	10
726600	10
4789228	10
5264756	10
6040240	10
726601	10
4789227	10
5264755	10
6040239	10
726602	10
4789226	10
5264754	10
6040238	10
726603	10
4789225	10
5264753	10
6040237	10
726604	10
4789224	10
5264752	10
6040236	10
4789223	10
5264751	10
6040235	10
4789222	10
5264750	10
6040234	10
726605	10
726606	10
726607	10
4789221	10
5264749	10
6040233	10
726608	10
4789220	10
5264748	10
6040232	10
726609	10
4789219	10
5264747	10
6040231	10
726610	10
4789218	10
5264746	10
6040230	10
726611	10
4789217	10
5264745	10
6040229	10
726612	10
4789216	10
5264744	10
6040228	10
726613	10
4789215	10
5264743	10
6040227	10
726614	10
4789214	10
5264742	10
6040226	10
726615	10
4789213	10
5264741	10
6040225	10
726616	10
4789212	10
5264740	10
6040224	10
726617	10
4789211	10
5264739	10
6040223	10
726618	10
726619	10
726620	10
4789208	10
4789209	10
4789210	10
5264736	10
5264737	10
5264738	10
6040220	10
6040221	10
6040222	10
726621	10
4789207	10
5264735	10
6040219	10
4789206	10
5264734	10
6040218	10
4789205	10
5264733	10
6040217	10
726622	10
726623	10
726624	10
4789204	10
5264732	10
6040216	10
726625	10
4789203	10
5264731	10
6040215	10
726626	10
4789202	10
5264730	10
6040214	10
726627	10
4789201	10
5264729	10
6040213	10
726628	10
4789200	10
5264728	10
6040212	10
726629	10
4789199	10
5264727	10
6040211	10
726630	10
4789198	10
5264726	10
6040210	10
726631	10
4789197	10
5264725	10
6040209	10
726632	10
4789196	10
5264724	10
6040208	10
726633	10
4789195	10
5264723	10
6040207	10
726634	10
4789194	10
5264722	10
6040206	10
726635	10
4789193	10
5264721	10
6040205	10
726636	10
4789192	10
5264720	10
6040204	10
4789191	10
5264719	10
6040203	10
4789190	10
5264718	10
6040202	10
4789189	10
5264717	10
6040201	10
726637	10
726638	10
726639	10
726640	10
726641	10
726642	10
726643	10
4789185	10
4789186	10
4789187	10
4789188	10
5264713	10
5264714	10
5264715	10
5264716	10
6040197	10
6040198	10
6040199	10
6040200	10
726644	10
4789184	10
5264712	10
6040196	10
726645	10
4789183	10
5264711	10
6040195	10
726646	10
4789182	10
5264710	10
6040194	10
726647	10
4789181	10
5264709	10
6040193	10
726648	10
4789180	10
5264708	10
6040192	10
726649	10
4789179	10
5264707	10
6040191	10
4789178	10
5264706	10
6040190	10
4789177	10
5264705	10
6040189	10
4789176	10
5264704	10
6040188	10
4789175	10
5264703	10
6040187	10
726650	10
726651	10
726652	10
726653	10
726654	10
4789174	10
5264702	10
6040186	10
726655	10
4789173	10
5264701	10
6040185	10
726656	10
4789172	10
5264700	10
6040184	10
4789171	10
5264699	10
6040183	10
4789170	10
5264698	10
6040182	10
726657	10
726658	10
726659	10
4789169	10
5264697	10
6040181	10
4789168	10
5264696	10
6040180	10
4789167	10
5264695	10
6040179	10
4789166	10
5264694	10
6040178	10
4789165	10
5264693	10
6040177	10
726660	10
726661	10
726662	10
726663	10
726664	10
4789164	10
5264692	10
6040176	10
726665	10
4789163	10
5264691	10
6040175	10
726666	10
4789162	10
5264690	10
6040174	10
726667	10
4789161	10
5264689	10
6040173	10
726668	10
4789160	10
5264688	10
6040172	10
726669	10
4789159	10
5264687	10
6040171	10
726670	10
4789158	10
5264686	10
6040170	10
726671	10
4789157	10
5264685	10
6040169	10
726672	10
726673	10
726674	10
726675	10
726676	10
4789152	10
4789153	10
4789154	10
4789155	10
4789156	10
5264680	10
5264681	10
5264682	10
5264683	10
5264684	10
6040164	10
6040165	10
6040166	10
6040167	10
6040168	10
726677	10
726678	10
726679	10
726680	10
4789148	10
4789149	10
4789150	10
4789151	10
5264676	10
5264677	10
5264678	10
5264679	10
6040160	10
6040161	10
6040162	10
6040163	10
726681	10
4789147	10
5264675	10
6040159	10
726682	10
4789146	10
5264674	10
6040158	10
726683	10
4789145	10
5264673	10
6040157	10
726684	10
4789144	10
5264672	10
6040156	10
726685	10
4789143	10
5264671	10
6040155	10
726686	10
4789142	10
5264670	10
6040154	10
726687	10
4789141	10
5264669	10
6040153	10
726688	10
726689	10
726690	10
726691	10
726692	10
726693	10
726694	10
726695	10
726696	10
726697	10
726698	10
726699	10
726700	10
726701	10
4789127	10
4789128	10
4789129	10
4789130	10
4789131	10
4789132	10
4789133	10
4789134	10
4789135	10
4789136	10
4789137	10
4789138	10
4789139	10
4789140	10
5264655	10
5264656	10
5264657	10
5264658	10
5264659	10
5264660	10
5264661	10
5264662	10
5264663	10
5264664	10
5264665	10
5264666	10
5264667	10
5264668	10
6040139	10
6040140	10
6040141	10
6040142	10
6040143	10
6040144	10
6040145	10
6040146	10
6040147	10
6040148	10
6040149	10
6040150	10
6040151	10
6040152	10
726702	10
4789126	10
5264654	10
6040138	10
726703	10
4789125	10
5264653	10
6040137	10
726704	10
4789124	10
5264652	10
6040136	10
726705	10
4789123	10
5264651	10
6040135	10
726706	10
4789122	10
5264650	10
6040134	10
726707	10
4789121	10
5264649	10
6040133	10
4789112	10
4789113	10
4789114	10
4789115	10
4789116	10
4789117	10
4789118	10
4789119	10
4789120	10
5264640	10
5264641	10
5264642	10
5264643	10
5264644	10
5264645	10
5264646	10
5264647	10
5264648	10
6040124	10
6040125	10
6040126	10
6040127	10
6040128	10
6040129	10
6040130	10
6040131	10
6040132	10
4789111	10
5264639	10
6040123	10
4789101	10
4789102	10
4789103	10
4789104	10
4789105	10
4789106	10
4789107	10
4789108	10
4789109	10
4789110	10
5264629	10
5264630	10
5264631	10
5264632	10
5264633	10
5264634	10
5264635	10
5264636	10
5264637	10
5264638	10
6040113	10
6040114	10
6040115	10
6040116	10
6040117	10
6040118	10
6040119	10
6040120	10
6040121	10
6040122	10
4789100	10
5264628	10
6040112	10
4789099	10
5264627	10
6040111	10
4789098	10
5264626	10
6040110	10
726708	10
726709	10
726710	10
726711	10
726712	10
726713	10
726714	10
726715	10
726716	10
726717	10
726718	10
726719	10
726720	10
726721	10
726722	10
726723	10
726724	10
726725	10
726726	10
726727	10
726728	10
726729	10
726730	10
726731	10
4789097	10
5264625	10
6040109	10
726732	10
4789096	10
5264624	10
6040108	10
4789095	10
5264623	10
6040107	10
4789094	10
5264622	10
6040106	10
4789093	10
5264621	10
6040105	10
726733	10
726734	10
726735	10
726736	10
4789092	10
5264620	10
6040104	10
726737	10
4789091	10
5264619	10
6040103	10
4789090	10
5264618	10
6040102	10
4789089	10
5264617	10
6040101	10
4789088	10
5264616	10
6040100	10
4789087	10
5264615	10
6040099	10
4789086	10
5264614	10
6040098	10
4789085	10
5264613	10
6040097	10
4789084	10
5264612	10
6040096	10
4789083	10
5264611	10
6040095	10
4789082	10
5264610	10
6040094	10
4789081	10
5264609	10
6040093	10
4789080	10
5264608	10
6040092	10
4789079	10
5264607	10
6040091	10
726738	10
726739	10
726740	10
726741	10
726742	10
726743	10
726744	10
726745	10
726746	10
726747	10
726748	10
726749	10
726750	10
726751	10
726752	10
4789076	10
4789077	10
4789078	10
5264604	10
5264605	10
5264606	10
6040088	10
6040089	10
6040090	10
726753	10
4789075	10
5264603	10
6040087	10
726754	10
4789074	10
5264602	10
6040086	10
726755	10
4789073	10
5264601	10
6040085	10
726756	10
4789072	10
5264600	10
6040084	10
726757	10
4789071	10
5264599	10
6040083	10
726758	10
4789070	10
5264598	10
6040082	10
726759	10
4789069	10
5264597	10
6040081	10
4789068	10
5264596	10
6040080	10
4789067	10
5264595	10
6040079	10
4789066	10
5264594	10
6040078	10
4789065	10
5264593	10
6040077	10
726760	10
726761	10
726762	10
726763	10
726764	10
4789064	10
5264592	10
6040076	10
726765	10
4789063	10
5264591	10
6040075	10
4789062	10
5264590	10
6040074	10
4789059	10
4789060	10
4789061	10
5264587	10
5264588	10
5264589	10
6040071	10
6040072	10
6040073	10
4789058	10
5264586	10
6040070	10
4789057	10
5264585	10
6040069	10
4789056	10
5264584	10
6040068	10
4789055	10
5264583	10
6040067	10
4789054	10
5264582	10
6040066	10
4789053	10
5264581	10
6040065	10
4789052	10
5264580	10
6040064	10
4789051	10
5264579	10
6040063	10
4789050	10
5264578	10
6040062	10
4789049	10
5264577	10
6040061	10
4789048	10
5264576	10
6040060	10
4789047	10
5264575	10
6040059	10
4789042	10
4789043	10
4789044	10
4789045	10
4789046	10
5264570	10
5264571	10
5264572	10
5264573	10
5264574	10
6040054	10
6040055	10
6040056	10
6040057	10
6040058	10
4789041	10
5264569	10
6040053	10
4789040	10
5264568	10
6040052	10
4789039	10
5264567	10
6040051	10
4789038	10
5264566	10
6040050	10
4789037	10
5264565	10
6040049	10
4789036	10
5264564	10
6040048	10
4789035	10
5264563	10
6040047	10
4789034	10
5264562	10
6040046	10
4789033	10
5264561	10
6040045	10
4789029	10
4789030	10
4789031	10
4789032	10
5264557	10
5264558	10
5264559	10
5264560	10
6040041	10
6040042	10
6040043	10
6040044	10
4789028	10
5264556	10
6040040	10
4789027	10
5264555	10
6040039	10
4789026	10
5264554	10
6040038	10
4789025	10
5264553	10
6040037	10
4789024	10
5264552	10
6040036	10
4789021	10
4789022	10
4789023	10
5264549	10
5264550	10
5264551	10
6040033	10
6040034	10
6040035	10
4789020	10
5264548	10
6040032	10
4789019	10
5264547	10
6040031	10
4789018	10
5264546	10
6040030	10
4789017	10
5264545	10
6040029	10
4789016	10
5264544	10
6040028	10
4789015	10
5264543	10
6040027	10
4789014	10
5264542	10
6040026	10
4789013	10
5264541	10
6040025	10
4789012	10
5264540	10
6040024	10
4789011	10
5264539	10
6040023	10
4789010	10
5264538	10
6040022	10
4789009	10
5264537	10
6040021	10
4789008	10
5264536	10
6040020	10
4789007	10
5264535	10
6040019	10
4789006	10
5264534	10
6040018	10
4789005	10
5264533	10
6040017	10
4789004	10
5264532	10
6040016	10
4789003	10
5264531	10
6040015	10
5264530	10
6040014	10
5264529	10
6040013	10
5264528	10
6040012	10
4792917	10
4792918	10
4792919	10
4792920	10
4792921	10
4792922	10
4792923	10
4792924	10
4792925	10
4792926	10
4792927	10
4792928	10
4792929	10
4792930	10
4792931	10
4792932	10
4792933	10
4792934	10
4792935	10
4792936	10
4792937	10
4792938	10
4792939	10
4792940	10
4792941	10
4792942	10
4792943	10
4792944	10
4792945	10
4792946	10
4792947	10
4792948	10
4792949	10
4792950	10
4792951	10
4792952	10
4792953	10
4792954	10
4792955	10
4792956	10
4792957	10
4792958	10
4792959	10
4792960	10
4792961	10
4792962	10
4792963	10
4792964	10
4792965	10
4792966	10
4792967	10
4792968	10
4792969	10
4792970	10
4792971	10
4792972	10
4792973	10
4792974	10
4792975	10
4792976	10
4792977	10
4792978	10
4792979	10
4792980	10
4792981	10
4792982	10
4792983	10
4792984	10
4792985	10
4792986	10
4792987	10
4792988	10
4792989	10
4792990	10
4792991	10
4792992	10
4792993	10
4792994	10
4792995	10
4792996	10
4792997	10
4792998	10
4792999	10
4793000	10
4793001	10
4793002	10
4793003	10
4793004	10
4793005	10
4793006	10
4793007	10
4793008	10
4793009	10
4793010	10
4793011	10
4793012	10
4793013	10
4793014	10
4793015	10
4793016	10
4793017	10
4793018	10
4793019	10
4793020	10
4793021	10
4793022	10
4793023	10
4793024	10
4793025	10
4793026	10
4793027	10
4793028	10
4793029	10
4793030	10
4793031	10
4793032	10
4793033	10
4793034	10
4793035	10
4793036	10
4793037	10
4793038	10
4793039	10
4793040	10
4793041	10
4793042	10
4793043	10
4793044	10
4793045	10
4793046	10
4793047	10
4793048	10
4793049	10
4793050	10
4793051	10
4793052	10
4793053	10
4793054	10
4793055	10
4793056	10
4793057	10
4793058	10
4793059	10
4793060	10
4793061	10
4793062	10
4793063	10
4793064	10
4793065	10
4793066	10
5268445	10
5268446	10
5268447	10
5268448	10
5268449	10
5268450	10
5268451	10
5268452	10
5268453	10
5268454	10
5268455	10
5268456	10
5268457	10
5268458	10
5268459	10
5268460	10
5268461	10
5268462	10
5268463	10
5268464	10
5268465	10
5268466	10
5268467	10
5268468	10
5268469	10
5268470	10
5268471	10
5268472	10
5268473	10
5268474	10
5268475	10
5268476	10
5268477	10
5268478	10
5268479	10
5268480	10
5268481	10
5268482	10
5268483	10
5268484	10
5268485	10
5268486	10
5268487	10
5268488	10
5268489	10
5268490	10
5268491	10
5268492	10
5268493	10
5268494	10
5268495	10
5268496	10
5268497	10
5268498	10
5268499	10
5268500	10
5268501	10
5268502	10
5268503	10
5268504	10
5268505	10
5268506	10
5268507	10
5268508	10
5268509	10
5268510	10
5268511	10
5268512	10
5268513	10
5268514	10
5268515	10
5268516	10
5268517	10
5268518	10
5268519	10
5268520	10
5268521	10
5268522	10
5268523	10
5268524	10
5268525	10
5268526	10
5268527	10
5268528	10
5268529	10
5268530	10
5268531	10
5268532	10
5268533	10
5268534	10
5268535	10
5268536	10
5268537	10
5268538	10
5268539	10
5268540	10
5268541	10
5268542	10
5268543	10
5268544	10
5268545	10
5268546	10
5268547	10
5268548	10
5268549	10
5268550	10
5268551	10
5268552	10
5268553	10
5268554	10
5268555	10
5268556	10
5268557	10
5268558	10
5268559	10
5268560	10
5268561	10
5268562	10
5268563	10
5268564	10
5268565	10
5268566	10
5268567	10
5268568	10
5268569	10
5268570	10
5268571	10
5268572	10
5268573	10
5268574	10
5268575	10
5268576	10
5268577	10
5268578	10
5268579	10
5268580	10
5268581	10
5268582	10
5268583	10
5268584	10
5268585	10
5268586	10
5268587	10
5268588	10
5268589	10
5268590	10
5268591	10
5268592	10
5268593	10
5268594	10
6043929	10
6043930	10
6043931	10
6043932	10
6043933	10
6043934	10
6043935	10
6043936	10
6043937	10
6043938	10
6043939	10
6043940	10
6043941	10
6043942	10
6043943	10
6043944	10
6043945	10
6043946	10
6043947	10
6043948	10
6043949	10
6043950	10
6043951	10
6043952	10
6043953	10
6043954	10
6043955	10
6043956	10
6043957	10
6043958	10
6043959	10
6043960	10
6043961	10
6043962	10
6043963	10
6043964	10
6043965	10
6043966	10
6043967	10
6043968	10
6043969	10
6043970	10
6043971	10
6043972	10
6043973	10
6043974	10
6043975	10
6043976	10
6043977	10
6043978	10
6043979	10
6043980	10
6043981	10
6043982	10
6043983	10
6043984	10
6043985	10
6043986	10
6043987	10
6043988	10
6043989	10
6043990	10
6043991	10
6043992	10
6043993	10
6043994	10
6043995	10
6043996	10
6043997	10
6043998	10
6043999	10
6044000	10
6044001	10
6044002	10
6044003	10
6044004	10
6044005	10
6044006	10
6044007	10
6044008	10
6044009	10
6044010	10
6044011	10
6044012	10
6044013	10
6044014	10
6044015	10
6044016	10
6044017	10
6044018	10
6044019	10
6044020	10
6044021	10
6044022	10
6044023	10
6044024	10
6044025	10
6044026	10
6044027	10
6044028	10
6044029	10
6044030	10
6044031	10
6044032	10
6044033	10
6044034	10
6044035	10
6044036	10
6044037	10
6044038	10
6044039	10
6044040	10
6044041	10
6044042	10
6044043	10
6044044	10
6044045	10
6044046	10
6044047	10
6044048	10
6044049	10
6044050	10
6044051	10
6044052	10
6044053	10
6044054	10
6044055	10
6044056	10
6044057	10
6044058	10
6044059	10
6044060	10
6044061	10
6044062	10
6044063	10
6044064	10
6044065	10
6044066	10
6044067	10
6044068	10
6044069	10
6044070	10
6044071	10
6044072	10
6044073	10
6044074	10
6044075	10
6044076	10
6044077	10
6044078	10
722762	10
722763	10
722764	10
722765	10
722766	10
722767	10
722768	10
722769	10
722770	10
722771	10
722772	10
722773	10
722774	10
722775	10
722776	10
722777	10
722778	10
722779	10
722780	10
722781	10
722782	10
722783	10
722784	10
722785	10
722786	10
722787	10
722788	10
722789	10
722790	10
722791	10
722792	10
722793	10
722794	10
722795	10
722796	10
722797	10
722798	10
722799	10
722800	10
722801	10
722802	10
722803	10
722804	10
722805	10
722806	10
722807	10
722808	10
722809	10
722810	10
722811	10
722812	10
722813	10
722814	10
722815	10
722816	10
722817	10
722818	10
722819	10
722820	10
722821	10
722822	10
722823	10
722824	10
722825	10
722826	10
722827	10
722828	10
722829	10
722830	10
722831	10
722832	10
722833	10
722834	10
722835	10
722836	10
722837	10
722838	10
722839	10
722840	10
722841	10
722842	10
722843	10
722844	10
722845	10
722846	10
722847	10
722848	10
722849	10
722850	10
722851	10
722852	10
722853	10
722854	10
722855	10
722856	10
722857	10
722858	10
722859	10
722860	10
722861	10
722862	10
722863	10
722864	10
722865	10
722866	10
722867	10
722868	10
722869	10
722870	10
722871	10
722872	10
722873	10
722874	10
722875	10
722876	10
722877	10
722878	10
722879	10
722880	10
722881	10
722882	10
722883	10
722884	10
722885	10
722886	10
722887	10
722888	10
722889	10
722890	10
722891	10
722892	10
722893	10
722894	10
722895	10
722896	10
722897	10
722898	10
722899	10
722900	10
722901	10
722902	10
722903	10
722904	10
722905	10
722906	10
722907	10
722908	10
722909	10
722910	10
722911	10
4793067	10
5268595	10
6044079	10
722761	10
722912	10
722913	10
722914	10
722915	10
722916	10
722917	10
722918	10
722919	10
722920	10
722921	10
722922	10
722923	10
722924	10
722925	10
722926	10
722927	10
722928	10
722929	10
722930	10
722931	10
722932	10
722933	10
722934	10
722935	10
722936	10
722937	10
722938	10
722939	10
722940	10
722941	10
722942	10
722943	10
722944	10
722945	10
722946	10
722947	10
722948	10
722949	10
722950	10
722951	10
722952	10
722953	10
722954	10
722955	10
722956	10
722957	10
722958	10
722959	10
722960	10
722961	10
722962	10
722963	10
722964	10
722965	10
722966	10
722967	10
722968	10
722969	10
722970	10
722971	10
722972	10
722973	10
722974	10
722975	10
722976	10
722977	10
722978	10
722979	10
722980	10
722981	10
722982	10
722983	10
722984	10
722985	10
722986	10
722987	10
722988	10
722989	10
722990	10
722991	10
722992	10
722993	10
722994	10
722995	10
722996	10
722997	10
722998	10
722999	10
723000	10
723001	10
723002	10
723003	10
723004	10
723005	10
723006	10
723007	10
723008	10
723009	10
723010	10
723011	10
723012	10
723013	10
723014	10
723015	10
723016	10
723017	10
723018	10
723019	10
723020	10
723021	10
723022	10
723023	10
723024	10
723025	10
723026	10
723027	10
723028	10
723029	10
723030	10
4793068	10
5268596	10
6044080	10
722760	10
4793069	10
5268597	10
6044081	10
722759	10
722758	10
722757	10
722756	10
722755	10
722754	10
722753	10
722752	10
722751	10
722750	10
722749	10
722748	10
722747	10
722746	10
722745	10
722744	10
722743	10
722742	10
722741	10
722740	10
722739	10
722738	10
722737	10
722736	10
722735	10
722734	10
722733	10
722732	10
722731	10
722730	10
722729	10
722728	10
722727	10
722726	10
722725	10
722724	10
722723	10
722722	10
722721	10
722720	10
722719	10
722675	10
722676	10
722677	10
722678	10
722679	10
722680	10
722681	10
722682	10
722683	10
722684	10
722685	10
722686	10
722687	10
722688	10
722689	10
722690	10
722691	10
722692	10
722693	10
722694	10
722695	10
722696	10
722697	10
722698	10
722699	10
722700	10
722701	10
722702	10
722703	10
722704	10
722705	10
722706	10
722707	10
722708	10
722709	10
722710	10
722711	10
722712	10
722713	10
722714	10
722715	10
722716	10
722717	10
722718	10
722674	10
722673	10
722672	10
722671	10
722670	10
722669	10
722668	10
722667	10
722666	10
722665	10
722664	10
722663	10
722662	10
722661	10
722660	10
4793305	10
4793306	10
4793307	10
4793308	10
4793309	10
4793310	10
4793311	10
4793312	10
4793313	10
4793314	10
4793315	10
4793316	10
4793317	10
4793318	10
4793319	10
4793320	10
4793321	10
4793322	10
4793323	10
4793324	10
4793325	10
4793326	10
4793327	10
4793328	10
4793329	10
4793330	10
4793331	10
4793332	10
4793333	10
4793334	10
4793335	10
4793336	10
4793337	10
4793338	10
4793339	10
4793340	10
4793341	10
4793342	10
4793343	10
4793344	10
4793345	10
4793346	10
4793347	10
4793348	10
4793349	10
4793350	10
4793351	10
4793352	10
4793353	10
4793354	10
4793355	10
4793356	10
4793357	10
4793358	10
4793359	10
4793360	10
4793361	10
4793362	10
4793363	10
4793364	10
4793365	10
4793366	10
4793367	10
4793368	10
4793369	10
4793370	10
4793371	10
4793372	10
4793373	10
4793374	10
4793375	10
4793376	10
4793377	10
4793378	10
4793379	10
4793380	10
4793381	10
4793382	10
4793383	10
4793384	10
4793385	10
4793386	10
4793387	10
4793388	10
4793389	10
4793390	10
4793391	10
4793392	10
4793393	10
4793394	10
4793395	10
4793396	10
4793397	10
4793398	10
4793399	10
4793400	10
4793401	10
4793402	10
4793403	10
4793404	10
4793405	10
4793406	10
4793407	10
4793408	10
4793409	10
4793410	10
4793411	10
4793412	10
4793413	10
4793414	10
4793415	10
4793416	10
4793417	10
4793418	10
4793419	10
4793420	10
4793421	10
4793422	10
4793423	10
4793424	10
4793425	10
4793426	10
4793427	10
4793428	10
4793429	10
4793430	10
4793431	10
4793432	10
4793433	10
4793434	10
4793435	10
4793436	10
4793437	10
4793438	10
4793439	10
4793440	10
4793441	10
4793442	10
4793443	10
4793444	10
5268833	10
5268834	10
5268835	10
5268836	10
5268837	10
5268838	10
5268839	10
5268840	10
5268841	10
5268842	10
5268843	10
5268844	10
5268845	10
5268846	10
5268847	10
5268848	10
5268849	10
5268850	10
5268851	10
5268852	10
5268853	10
5268854	10
5268855	10
5268856	10
5268857	10
5268858	10
5268859	10
5268860	10
5268861	10
5268862	10
5268863	10
5268864	10
5268865	10
5268866	10
5268867	10
5268868	10
5268869	10
5268870	10
5268871	10
5268872	10
5268873	10
5268874	10
5268875	10
5268876	10
5268877	10
5268878	10
5268879	10
5268880	10
5268881	10
5268882	10
5268883	10
5268884	10
5268885	10
5268886	10
5268887	10
5268888	10
5268889	10
5268890	10
5268891	10
5268892	10
5268893	10
5268894	10
5268895	10
5268896	10
5268897	10
5268898	10
5268899	10
5268900	10
5268901	10
5268902	10
5268903	10
5268904	10
5268905	10
5268906	10
5268907	10
5268908	10
5268909	10
5268910	10
5268911	10
5268912	10
5268913	10
5268914	10
5268915	10
5268916	10
5268917	10
5268918	10
5268919	10
5268920	10
5268921	10
5268922	10
5268923	10
5268924	10
5268925	10
5268926	10
5268927	10
5268928	10
5268929	10
5268930	10
5268931	10
5268932	10
5268933	10
5268934	10
5268935	10
5268936	10
5268937	10
5268938	10
5268939	10
5268940	10
5268941	10
5268942	10
5268943	10
5268944	10
5268945	10
5268946	10
5268947	10
5268948	10
5268949	10
5268950	10
5268951	10
5268952	10
5268953	10
5268954	10
5268955	10
5268956	10
5268957	10
5268958	10
5268959	10
5268960	10
5268961	10
5268962	10
5268963	10
5268964	10
5268965	10
5268966	10
5268967	10
5268968	10
5268969	10
5268970	10
5268971	10
5268972	10
6044317	10
6044318	10
6044319	10
6044320	10
6044321	10
6044322	10
6044323	10
6044324	10
6044325	10
6044326	10
6044327	10
6044328	10
6044329	10
6044330	10
6044331	10
6044332	10
6044333	10
6044334	10
6044335	10
6044336	10
6044337	10
6044338	10
6044339	10
6044340	10
6044341	10
6044342	10
6044343	10
6044344	10
6044345	10
6044346	10
6044347	10
6044348	10
6044349	10
6044350	10
6044351	10
6044352	10
6044353	10
6044354	10
6044355	10
6044356	10
6044357	10
6044358	10
6044359	10
6044360	10
6044361	10
6044362	10
6044363	10
6044364	10
6044365	10
6044366	10
6044367	10
6044368	10
6044369	10
6044370	10
6044371	10
6044372	10
6044373	10
6044374	10
6044375	10
6044376	10
6044377	10
6044378	10
6044379	10
6044380	10
6044381	10
6044382	10
6044383	10
6044384	10
6044385	10
6044386	10
6044387	10
6044388	10
6044389	10
6044390	10
6044391	10
6044392	10
6044393	10
6044394	10
6044395	10
6044396	10
6044397	10
6044398	10
6044399	10
6044400	10
6044401	10
6044402	10
6044403	10
6044404	10
6044405	10
6044406	10
6044407	10
6044408	10
6044409	10
6044410	10
6044411	10
6044412	10
6044413	10
6044414	10
6044415	10
6044416	10
6044417	10
6044418	10
6044419	10
6044420	10
6044421	10
6044422	10
6044423	10
6044424	10
6044425	10
6044426	10
6044427	10
6044428	10
6044429	10
6044430	10
6044431	10
6044432	10
6044433	10
6044434	10
6044435	10
6044436	10
6044437	10
6044438	10
6044439	10
6044440	10
6044441	10
6044442	10
6044443	10
6044444	10
6044445	10
6044446	10
6044447	10
6044448	10
6044449	10
6044450	10
6044451	10
6044452	10
6044453	10
6044454	10
6044455	10
6044456	10
722374	10
722375	10
722376	10
722377	10
722378	10
722379	10
722380	10
722381	10
722382	10
722383	10
722384	10
722385	10
722386	10
722387	10
722388	10
722389	10
722390	10
722391	10
722392	10
722393	10
722394	10
722395	10
722396	10
722397	10
722398	10
722399	10
722400	10
722401	10
722402	10
722403	10
722404	10
722405	10
722406	10
722407	10
722408	10
722409	10
722410	10
722411	10
722412	10
722413	10
722414	10
722415	10
722416	10
722417	10
722418	10
722419	10
722420	10
722421	10
722422	10
722423	10
722424	10
722425	10
722426	10
722427	10
722428	10
722429	10
722430	10
722431	10
722432	10
722433	10
722434	10
722435	10
722436	10
722437	10
722438	10
722439	10
722440	10
722441	10
722442	10
722443	10
722444	10
722445	10
722446	10
722447	10
722448	10
722449	10
722450	10
722451	10
722452	10
722453	10
722454	10
722455	10
722456	10
722457	10
722458	10
722459	10
722460	10
722461	10
722462	10
722463	10
722464	10
722465	10
722466	10
722467	10
722468	10
722469	10
722470	10
722471	10
722472	10
722473	10
722474	10
722475	10
722476	10
722477	10
722478	10
722479	10
722480	10
722481	10
722482	10
722483	10
722484	10
722485	10
722486	10
722487	10
722488	10
722489	10
722490	10
722491	10
722492	10
722493	10
722494	10
722495	10
722496	10
722497	10
722498	10
722499	10
722500	10
722501	10
722502	10
722503	10
722504	10
722505	10
722506	10
722507	10
722508	10
722509	10
722510	10
722511	10
722512	10
722513	10
722373	10
4793445	10
5268973	10
6044457	10
722372	10
722514	10
722515	10
722516	10
722517	10
722518	10
722519	10
722520	10
722521	10
722522	10
722523	10
722524	10
722525	10
722526	10
722527	10
722528	10
722529	10
722530	10
722531	10
722532	10
722533	10
722534	10
722535	10
722536	10
722537	10
722538	10
722539	10
722540	10
722541	10
722542	10
722543	10
722544	10
722545	10
722546	10
722547	10
722548	10
722549	10
722550	10
722551	10
722552	10
722553	10
722554	10
722555	10
722556	10
722557	10
722558	10
722559	10
722560	10
722561	10
722562	10
722563	10
722564	10
722565	10
722566	10
722567	10
722568	10
722569	10
722570	10
722571	10
722572	10
722573	10
722574	10
722575	10
722576	10
722371	10
722370	10
722369	10
722368	10
722367	10
722366	10
722365	10
722364	10
722363	10
722362	10
722361	10
722360	10
722359	10
722358	10
722357	10
722356	10
722355	10
722354	10
722353	10
722352	10
722351	10
722346	10
722347	10
722348	10
722349	10
722350	10
722331	10
722332	10
722333	10
722334	10
722335	10
722336	10
722337	10
722338	10
722339	10
722340	10
722341	10
722342	10
722343	10
722344	10
722345	10
722329	10
722330	10
722328	10
722327	10
722326	10
722324	10
722325	10
722323	10
722322	10
722321	10
722317	10
722318	10
722319	10
722320	10
722316	10
722308	10
722309	10
722310	10
722311	10
722312	10
722313	10
722314	10
722315	10
722307	10
722306	10
4793446	10
4793447	10
4793448	10
4793449	10
4793450	10
4793451	10
4793452	10
4793453	10
4793454	10
4793455	10
4793456	10
4793457	10
4793458	10
4793459	10
4793460	10
4793461	10
4793462	10
4793463	10
4793464	10
4793465	10
4793466	10
4793467	10
4793468	10
4793469	10
4793470	10
4793471	10
4793472	10
4793473	10
4793474	10
4793475	10
4793476	10
4793477	10
4793478	10
4793479	10
4793480	10
4793481	10
4793482	10
4793483	10
4793484	10
4793485	10
4793486	10
4793487	10
4793488	10
4793489	10
4793490	10
4793491	10
4793492	10
4793493	10
4793494	10
4793495	10
4793496	10
5268974	10
5268975	10
5268976	10
5268977	10
5268978	10
5268979	10
5268980	10
5268981	10
5268982	10
5268983	10
5268984	10
5268985	10
5268986	10
5268987	10
5268988	10
5268989	10
5268990	10
5268991	10
5268992	10
5268993	10
5268994	10
5268995	10
5268996	10
5268997	10
5268998	10
5268999	10
5269000	10
5269001	10
5269002	10
5269003	10
5269004	10
5269005	10
5269006	10
5269007	10
5269008	10
5269009	10
5269010	10
5269011	10
5269012	10
5269013	10
5269014	10
5269015	10
5269016	10
5269017	10
5269018	10
5269019	10
5269020	10
5269021	10
5269022	10
5269023	10
5269024	10
6044458	10
6044459	10
6044460	10
6044461	10
6044462	10
6044463	10
6044464	10
6044465	10
6044466	10
6044467	10
6044468	10
6044469	10
6044470	10
6044471	10
6044472	10
6044473	10
6044474	10
6044475	10
6044476	10
6044477	10
6044478	10
6044479	10
6044480	10
6044481	10
6044482	10
6044483	10
6044484	10
6044485	10
6044486	10
6044487	10
6044488	10
6044489	10
6044490	10
6044491	10
6044492	10
6044493	10
6044494	10
6044495	10
6044496	10
6044497	10
6044498	10
6044499	10
6044500	10
6044501	10
6044502	10
6044503	10
6044504	10
6044505	10
6044506	10
6044507	10
6044508	10
722305	10
722304	10
